   3.5568788e-01   5.1989984e-01   2.2917997e-01   2.5085730e-01   3.0746116e-01   2.5148387e-02   1.0000000e+00
   1.2450104e-01   2.9678310e-01   9.8578334e-02   1.4462935e-01   4.7664891e-01   3.6364971e-02   1.0000000e+00
   4.1166648e-01   5.1393229e-01   3.2299466e-01   3.0766054e-01   3.8609692e-01   1.7522903e-02   1.0000000e+00
   4.1615104e-01   5.5741388e-01   2.7125999e-01   2.8943584e-01   3.4182648e-01   5.1838074e-02   1.0000000e+00
   2.2727187e-01   2.8947930e-01   1.2812869e-01   2.4702205e-01   4.0957929e-01   4.4172774e-02   1.0000000e+00
   1.3600932e-01   3.6574426e-01   9.9558906e-02   1.1994305e-01   6.4787924e-01   3.0932941e-02   1.0000000e+00
   2.6315004e-01   4.0043867e-01   2.0731555e-01   2.2395957e-01   5.4291624e-01   3.9680352e-02   1.0000000e+00
   1.8535588e-01   3.0918995e-01   1.3458053e-01   1.9659165e-01   5.0745533e-01   8.8991319e-04   1.0000000e+00
   1.7015073e-01   3.5881131e-01   2.5675856e-01   1.5629368e-01   5.9061430e-01   5.6673942e-02   1.0000000e+00
   1.0163782e-01   2.0658137e-01   2.5011772e-01   1.6942524e-01   1.5226448e-01   2.7287201e-02   1.0000000e+00
   2.2721159e-01   3.5000961e-01   1.5512914e-01   2.1560371e-01   4.1473628e-01   7.5237044e-03   1.0000000e+00
   4.9037094e-02   4.3350866e-01   1.3423733e-02   1.3847285e-03   5.3740885e-01   2.6903855e-02   1.0000000e+00
   2.1958224e-01   4.7367413e-01   2.3503878e-01   1.4421326e-01   5.2951495e-01   4.4429742e-02   1.0000000e+00
   2.6449296e-01   4.8253822e-01   1.7092887e-01   1.8271266e-01   4.3966876e-01   4.2139033e-02   1.0000000e+00
   3.0044817e-01   5.4912634e-01   2.9532214e-01   1.8271266e-01   5.0247105e-01   3.9164516e-02   1.0000000e+00
   1.7524993e-01   3.4102567e-01   1.9776527e-01   1.7040103e-01   5.8107487e-01   3.8347196e-02   1.0000000e+00
   3.6347257e-01   4.8078207e-01   3.6291004e-01   2.7859346e-01   4.5410919e-01   2.4291484e-02   1.0000000e+00
   4.9457830e-02   1.7324826e-01   1.6612314e-01   1.3662828e-01   6.3372208e-01   3.4174012e-02   1.0000000e+00
   1.2103829e-01   3.5722158e-01   1.5213565e-01   1.0999392e-01   5.7078774e-01   2.9067337e-02   1.0000000e+00
   1.5028088e-01   3.3595452e-01   1.4428354e-01   1.4907057e-01   5.0009569e-01   2.2843918e-02   1.0000000e+00
   1.7143007e-01   3.7031769e-01   2.1328117e-01   1.5155979e-01   6.9232716e-01   4.0758321e-02   1.0000000e+00
   2.7748672e-01   4.9328190e-01   2.5236619e-01   1.8961392e-01   5.9287075e-01   3.1402934e-02   1.0000000e+00
   3.5612954e-01   5.5314368e-01   3.5796623e-01   2.3405757e-01   3.9082003e-01   6.2471594e-02   1.0000000e+00
   1.8703437e-01   3.5052087e-01   1.4585621e-01   1.7678878e-01   5.1509889e-01   1.4131823e-02   1.0000000e+00
   9.6230451e-02   5.2358225e-01   1.3423733e-01   0.0000000e+00   4.8924930e-01   1.8204360e-02   1.0000000e+00
   2.6982396e-01   5.9309390e-01   1.9088323e-01   1.3054930e-01   5.5237427e-01   2.9397920e-02   1.0000000e+00
   0.0000000e+00   3.0925858e-01   0.0000000e+00   1.8707087e-02   5.9276944e-01   2.2464331e-03   1.0000000e+00
   1.6813285e-01   4.1195116e-01   2.9532214e-01   1.2682598e-01   4.2144000e-01   4.6673500e-02   1.0000000e+00
   1.7748846e-01   5.0880009e-01   1.1442315e-01   8.5625658e-02   4.4081107e-01   3.1914476e-02   1.0000000e+00
   3.9283262e-01   5.6168491e-01   3.1571365e-01   2.6484901e-01   4.6666480e-01   2.1071370e-02   1.0000000e+00
   2.3794262e-01   3.9218452e-01   2.5530991e-01   2.0404948e-01   4.5285433e-01   5.1042085e-02   1.0000000e+00
   1.9522708e-01   3.1496694e-01   1.6230684e-01   2.0307003e-01   3.0855409e-01   4.0607447e-02   1.0000000e+00
   1.8120799e-01   4.2865070e-01   1.2332452e-01   1.3071962e-01   5.1509345e-01   3.8705190e-02   1.0000000e+00
   1.2070406e-01   3.4903559e-01   2.3267805e-01   1.1391435e-01   5.8965962e-01   3.2032464e-02   1.0000000e+00
   3.2258531e-01   6.8861204e-01   2.9138676e-01   1.3168627e-01   5.2961169e-01   2.9172318e-02   1.0000000e+00
   5.1465876e-02   2.5686709e-01   9.2040438e-02   9.5232421e-02   4.7049459e-01   3.5966513e-02   1.0000000e+00
   5.7317850e-02   2.4191994e-01   1.9686530e-01   1.0859145e-01   6.6870831e-01   4.0669355e-02   1.0000000e+00
   9.2158299e-02   4.6436296e-01   5.9959343e-02   2.6774046e-02   7.2544522e-01   2.5127228e-02   1.0000000e+00
   2.8639672e-01   6.3233456e-01   3.0150192e-01   1.2612045e-01   5.7242874e-01   3.2287162e-02   1.0000000e+00
   2.5337493e-01   4.5665234e-01   1.9574183e-01   1.8545628e-01   4.9981679e-01   2.9685396e-02   1.0000000e+00
   9.0123199e-02   3.2608788e-01   1.4232410e-02   9.6461123e-02   3.9635321e-01   1.7685750e-02   1.0000000e+00
   1.9572685e-01   2.6702689e-01   1.3457051e-01   2.2838710e-01   4.8822001e-01   3.0501899e-02   1.0000000e+00
   2.6721877e-01   4.6056546e-01   1.6805673e-01   1.9671207e-01   5.5478214e-01   3.8147053e-02   1.0000000e+00
   3.8710555e-01   5.8733105e-01   2.9979671e-01   2.4606672e-01   5.4992959e-01   2.3879246e-02   1.0000000e+00
   2.8819958e-01   4.0818297e-01   4.3202295e-01   2.4398232e-01   4.7253756e-01   2.0326977e-02   1.0000000e+00
   2.3884122e-01   5.2816220e-01   2.9532214e-01   1.3446221e-01   5.0909200e-01   1.9859060e-02   1.0000000e+00
   2.1396033e-01   5.1409843e-01   1.9851011e-01   1.1787537e-01   5.0868729e-01   4.0828297e-02   1.0000000e+00
   1.4664048e-01   4.1317430e-01   1.4950631e-01   1.0557035e-01   4.6440276e-01   1.5270488e-02   1.0000000e+00
   1.3897169e-01   4.3818770e-01   1.7898311e-01   8.5252797e-02   5.4806444e-01   2.2161936e-02   1.0000000e+00
   1.5064514e-01   4.3678769e-01   5.3971340e-02   9.7178820e-02   5.1921293e-01   3.0542604e-02   1.0000000e+00
   2.8102055e-01   4.8216831e-01   1.7898311e-01   1.9876253e-01   4.9247444e-01   3.4023529e-02   1.0000000e+00
   4.6569080e-01   8.5935023e-01   1.2260343e-01   1.8053725e-01   4.0721964e-01   3.7379470e-02   1.0000000e+00
   2.3206335e-01   6.4863616e-01   1.9781220e-01   6.5541775e-02   6.2599097e-01   3.9103220e-02   1.0000000e+00
   3.8597403e-02   3.2994187e-01   1.7898311e-01   4.5025372e-02   4.5813817e-01   5.2423966e-02   1.0000000e+00
   1.4489653e-01   4.2646033e-01   1.7423472e-01   9.7013581e-02   4.9786083e-01   3.4658390e-03   1.0000000e+00
   2.0745118e-01   3.5423223e-01   2.0296672e-01   1.9445587e-01   3.0291075e-01   4.0342505e-02   1.0000000e+00
   1.6590152e-01   2.5045929e-01   1.2587419e-01   2.0835330e-01   4.5912804e-01   3.9132697e-02   1.0000000e+00
   1.9971679e-01   3.9127897e-01   2.1477974e-01   1.6784096e-01   4.9649537e-01   2.9610910e-02   1.0000000e+00
   1.6448936e-01   4.6829053e-01   1.8793227e-01   9.4140852e-02   5.8892825e-01   1.8945714e-02   1.0000000e+00
   2.1180574e-01   3.8376311e-01   1.9298570e-01   1.8333424e-01   5.8043626e-01   4.4241219e-02   1.0000000e+00
   4.6515152e-01   6.8959191e-01   5.7965483e-01   2.6797091e-01   7.9018527e-01   1.5638708e-01   1.0000000e+00
   6.1274013e-01   7.0122555e-01   6.1866168e-01   4.0355486e-01   6.4387450e-01   2.3995613e-01   1.0000000e+00
   1.7727667e-01   2.8557051e-01   3.4006791e-01   2.0107677e-01   6.9502381e-01   9.3493100e-02   1.0000000e+00
   4.9710276e-01   4.9896738e-01   4.5130092e-01   3.9738992e-01   4.8109382e-01   8.8430885e-02   1.0000000e+00
   4.8221778e-01   5.0889009e-01   6.1714722e-01   3.7796687e-01   5.7909800e-01   5.0023481e-02   1.0000000e+00
   5.5730784e-01   8.5450934e-01   4.2955947e-01   2.7095186e-01   4.8317562e-01   8.7630746e-02   1.0000000e+00
   5.0482947e-01   5.1327706e-01   4.1166116e-01   3.9738992e-01   5.2100819e-01   8.9481562e-02   1.0000000e+00
   4.7741984e-01   4.6251512e-01   4.4878839e-01   3.9738992e-01   2.7768018e-01   1.8763791e-01   1.0000000e+00
   4.4295569e-01   4.5548449e-01   3.3111876e-01   3.6796411e-01   4.7457970e-01   2.8091675e-02   1.0000000e+00
   3.1297928e-01   1.1240950e-01   3.3559334e-01   4.2099748e-01   3.4370109e-01   9.1056241e-02   1.0000000e+00
   4.4762771e-01   4.2760319e-01   3.4006791e-01   3.8689210e-01   5.2814237e-01   1.0048089e-01   1.0000000e+00
   5.8593063e-01   7.0522172e-01   3.0243087e-01   3.7576074e-01   6.9893388e-01   2.6251615e-01   1.0000000e+00
   5.6734895e-01   7.0688295e-01   4.1935629e-01   3.5707094e-01   5.9767583e-01   1.9876941e-01   1.0000000e+00
   2.8320368e-01   4.7600683e-01   2.6847467e-01   2.0404948e-01   5.6529783e-01   1.0617084e-01   1.0000000e+00
   4.4436433e-01   5.2927927e-01   6.8908498e-01   3.3108292e-01   7.2755346e-01   1.5796572e-01   1.0000000e+00
   4.2506684e-01   8.2836781e-01   4.8431401e-01   1.5761042e-01   8.4357761e-01   3.6414307e-01   1.0000000e+00
   5.8451110e-01   7.6085712e-01   4.9418172e-01   3.4557424e-01   7.4559709e-01   2.8379563e-01   1.0000000e+00
   3.1474441e-01   2.5402398e-01   3.5205030e-01   3.4932123e-01   3.0561406e-01   1.4581499e-01   1.0000000e+00
   3.9797628e-01   4.2863211e-01   4.1295557e-01   3.3871847e-01   4.4136006e-01   1.0292294e-01   1.0000000e+00
   2.0828976e-01   3.3301234e-01   2.2372889e-01   2.0625443e-01   5.1005712e-01   7.6211555e-02   1.0000000e+00
   4.9147032e-01   6.6131543e-01   4.9650478e-01   3.0787373e-01   4.5241122e-01   1.9044931e-01   1.0000000e+00
   4.6156246e-01   4.9435482e-01   3.8820992e-01   3.6567874e-01   5.3902801e-01   1.9928560e-01   1.0000000e+00
   6.0254919e-01   6.3665711e-01   3.0037181e-01   4.2722930e-01   5.5579156e-01   1.4633122e-01   1.0000000e+00
   5.3002446e-01   5.5993751e-01   5.7173489e-01   3.9738992e-01   8.7921960e-01   1.7754323e-01   1.0000000e+00
   4.8394212e-01   8.7433363e-01   3.8660352e-01   1.9028656e-01   5.8270057e-01   1.4242425e-01   1.0000000e+00
   1.8609847e-01   2.9401603e-01   2.7742382e-01   2.0516571e-01   1.0000000e+00   7.3029334e-02   1.0000000e+00
   3.2441511e-01   4.3642906e-01   4.0455966e-01   2.6409694e-01   5.2949079e-01   7.7239176e-02   1.0000000e+00
   1.8099074e-01   2.9960527e-01   2.7412082e-01   1.9736908e-01   6.4516695e-01   1.1271549e-01   1.0000000e+00
   2.9375050e-01   4.1715446e-01   2.5057636e-01   2.4466033e-01   6.1525854e-01   8.1649559e-02   1.0000000e+00
   4.3437723e-01   5.4389861e-01   2.6576008e-01   3.1392608e-01   5.3536063e-01   8.9250583e-02   1.0000000e+00
   5.3534756e-01   6.3057382e-01   3.9584640e-01   3.6590105e-01   4.8056800e-01   9.6990700e-02   1.0000000e+00
   4.3211962e-01   4.7716379e-01   4.3724777e-01   3.4633494e-01   4.9571049e-01   1.0144409e-01   1.0000000e+00
   5.7099633e-01   4.0009169e-01   5.1608581e-01   5.1951791e-01   5.8434358e-01   2.0269676e-01   1.0000000e+00
   3.0818024e-01   3.8210048e-01   5.8751062e-01   2.7666700e-01   4.6785459e-01   1.4268128e-01   1.0000000e+00
   6.5608494e-01   3.9180152e-01   4.8062086e-01   6.0545555e-01   4.8186125e-01   1.4970486e-01   1.0000000e+00
   3.0259050e-01   7.1806238e-01   3.3031207e-01   9.7243142e-02   7.6245088e-01   3.7200051e-01   1.0000000e+00
   6.8002732e-01   4.6469032e-01   6.8202856e-01   5.9066488e-01   5.4405098e-01   1.7490446e-01   1.0000000e+00
   4.6846025e-01   4.6996586e-01   6.1512343e-01   3.8493299e-01   4.2235366e-01   1.0326842e-01   1.0000000e+00
   4.9676078e-01   5.1776298e-01   7.1497291e-01   3.8732387e-01   5.6967422e-01   1.6822429e-01   1.0000000e+00
   3.1222792e-01   3.6575104e-01   2.4581411e-01   2.8902133e-01   4.8857912e-01   9.6475887e-02   1.0000000e+00
   5.6360182e-01   6.5938088e-01   4.6069793e-01   3.7808621e-01   4.0787471e-01   8.4209849e-02   1.0000000e+00
   5.1878351e-01   4.5241046e-01   4.4129929e-01   4.4231356e-01   4.8075352e-01   1.1544873e-01   1.0000000e+00
   4.2678217e-01   3.5767235e-01   4.2240015e-01   4.0312169e-01   3.4687044e-01   8.5187383e-02   1.0000000e+00
   2.2793986e-01   2.3258608e-01   3.4901707e-01   2.7713913e-01   4.3857276e-01   8.4715361e-02   1.0000000e+00
   4.9439030e-01   6.4214219e-01   4.4058754e-01   3.2060903e-01   5.2015221e-01   2.4353261e-01   1.0000000e+00
   3.7478539e-01   6.1010004e-01   3.3064910e-01   2.2244901e-01   5.0004625e-01   4.2071936e-02   1.0000000e+00
   3.7484142e-01   2.9280486e-01   3.9139881e-01   3.8689210e-01   2.6515063e-01   1.4142215e-01   1.0000000e+00
   5.0419507e-01   7.1411281e-01   5.5733050e-01   2.9272902e-01   7.3634440e-01   2.0533774e-01   1.0000000e+00
   3.5708797e-01   2.3015883e-01   4.3850863e-01   4.0231432e-01   4.3619868e-01   1.2492108e-01   1.0000000e+00
   4.0955414e-01   3.8646929e-01   4.3864015e-01   3.7167181e-01   5.7371201e-01   1.1768160e-01   1.0000000e+00
   3.6410574e-01   3.6189151e-01   4.3067215e-01   3.4079771e-01   4.7367883e-01   1.2216213e-01   1.0000000e+00
   5.6758836e-01   6.4595652e-01   6.2064358e-01   3.8886639e-01   6.1115553e-01   1.9175771e-01   1.0000000e+00
   1.5309151e-01   0.0000000e+00   4.8235949e-01   3.2582403e-01   4.4632640e-01   8.9377879e-02   1.0000000e+00
   4.2058420e-01   4.6143447e-01   3.0874587e-01   3.4341600e-01   2.8400076e-01   1.4485018e-01   1.0000000e+00
   5.2890544e-01   7.7514898e-01   6.5293578e-01   2.8481604e-01   7.6359551e-01   2.2562860e-01   1.0000000e+00
   1.0000000e+00   2.6719548e-01   3.0770828e-01   1.0000000e+00   4.0443609e-01   1.0000000e+00   1.0000000e+00
   4.2759999e-01   3.4015932e-01   4.3329254e-01   4.1297981e-01   4.7433274e-01   1.5819466e-01   1.0000000e+00
   5.7764105e-01   8.0921947e-01   3.0312047e-01   3.1392608e-01   5.5932075e-01   1.7003315e-01   1.0000000e+00
   3.7987805e-01   5.4856554e-01   2.8436094e-01   2.5921619e-01   7.1361245e-01   6.3864487e-02   1.0000000e+00
   3.3375704e-01   3.9846601e-01   2.6130781e-01   2.9272902e-01   4.6210845e-01   9.9514901e-02   1.0000000e+00
   2.7577321e-01   3.3311453e-01   2.4162720e-01   2.7095186e-01   5.1146821e-01   1.1974012e-01   1.0000000e+00
   5.5679603e-01   5.2927420e-01   6.5455478e-01   4.3896379e-01   5.8677705e-01   2.1325306e-01   1.0000000e+00
   5.2009848e-01   9.7566690e-01   3.4367835e-01   1.7247823e-01   4.3690728e-01   1.8339214e-01   1.0000000e+00
   3.8112551e-01   3.0535090e-01   3.8024189e-01   3.8642164e-01   4.2026935e-01   1.5128028e-01   1.0000000e+00
   4.6842631e-01   3.7288473e-01   1.6555938e-01   4.3519778e-01   3.9897037e-01   1.1190670e-01   1.0000000e+00
   2.1133692e-01   2.1865829e-01   3.8532524e-01   2.6842455e-01   2.7273471e-01   1.0217395e-01   1.0000000e+00
   4.2945938e-01   5.0475013e-01   4.0433324e-01   3.2949007e-01   3.5408456e-01   9.0475355e-02   1.0000000e+00
   5.2355616e-01   4.2069599e-01   4.7015300e-01   4.6332405e-01   4.9851781e-01   1.6024029e-01   1.0000000e+00
   6.2077778e-01   6.2206524e-01   4.9948766e-01   4.5227963e-01   3.3132695e-01   1.6266672e-01   1.0000000e+00
   4.9272725e-01   4.1603674e-01   3.2016083e-01   4.3615765e-01   4.3669720e-01   1.1835471e-01   1.0000000e+00
   2.3068531e-01   2.7998180e-01   1.6259240e-01   2.5521787e-01   3.1864036e-01   8.8046472e-02   1.0000000e+00
   4.2081896e-01   3.6316434e-01   3.9376285e-01   3.9455460e-01   5.2531344e-01   6.7441001e-02   1.0000000e+00
   4.1932673e-01   4.9436106e-01   3.4692829e-01   3.2515033e-01   5.0243346e-01   1.5333997e-01   1.0000000e+00
   5.3629645e-01   4.7651247e-01   5.0616818e-01   4.4663008e-01   5.3063044e-01   1.5494616e-01   1.0000000e+00
   2.5130434e-01   4.2452178e-01   5.7359585e-01   2.0011625e-01   7.1933590e-01   1.5362458e-01   1.0000000e+00
   4.9161279e-01   6.5916993e-01   5.6810209e-01   3.0912201e-01   4.3584517e-01   2.1683313e-01   1.0000000e+00
   5.9676819e-01   8.2875977e-01   6.0652431e-01   3.2215483e-01   5.0026595e-01   1.5787724e-01   1.0000000e+00
   5.5213451e-01   7.2992078e-01   5.7653408e-01   3.3053688e-01   4.3428979e-01   1.4136428e-01   1.0000000e+00
   4.4274116e-01   5.5826872e-01   5.8951682e-01   3.1450618e-01   3.9886434e-01   1.5708599e-01   1.0000000e+00
   5.6851950e-01   4.9341700e-01   6.9566075e-01   4.6878993e-01   4.1918895e-01   1.1427110e-01   1.0000000e+00
   4.1872109e-01   3.9216535e-01   5.4087352e-01   3.7751639e-01   3.7622710e-01   9.4877258e-02   1.0000000e+00
   6.1104636e-01   9.9056544e-01   5.1908166e-01   2.5202387e-01   6.9419057e-01   3.0123643e-01   1.0000000e+00
   5.7039700e-01   4.4356585e-01   7.7628752e-01   4.9641907e-01   4.3637805e-01   1.6280941e-01   1.0000000e+00
   3.3252566e-01   4.8495181e-01   4.5224793e-01   2.4673957e-01   5.0697663e-01   2.6982562e-01   1.0000000e+00
   3.2691218e-01   3.7266999e-01   3.9411066e-01   2.9952620e-01   3.7691867e-01   9.6525117e-02   1.0000000e+00
   5.7380743e-01   8.7956684e-01   5.7946377e-01   2.7380103e-01   3.7705215e-01   1.2557134e-01   1.0000000e+00
   5.7320873e-01   6.6108402e-01   5.7481661e-01   3.8642164e-01   4.8160246e-01   1.8490239e-01   1.0000000e+00
   2.7904260e-01   4.9922801e-02   3.7586454e-01   4.2080933e-01   4.2836272e-01   9.9701201e-02   1.0000000e+00
   3.8199672e-01   2.9270862e-01   3.2953382e-01   3.9380748e-01   3.6899613e-01   1.1723753e-01   1.0000000e+00
   5.1213943e-01   5.4476710e-01   2.3980782e-01   3.8808896e-01   3.0691911e-01   1.1118351e-01   1.0000000e+00
   5.3010648e-01   4.8663946e-01   4.1780928e-01   4.3544404e-01   2.5741051e-01   1.2003959e-01   1.0000000e+00
   2.1104756e-01   1.8798647e-01   3.9684600e-01   2.8403785e-01   5.9435745e-01   1.0721164e-01   1.0000000e+00
   3.5932061e-01   3.6919901e-01   3.0549559e-01   3.3242038e-01   4.4987765e-01   9.9726601e-02   1.0000000e+00
   3.0032008e-01   3.8766805e-01   4.4745778e-01   2.6624063e-01   5.0170536e-01   9.6366994e-02   1.0000000e+00
   1.4505170e-01   2.2055055e-01   2.5833878e-01   2.0384349e-01   3.5774658e-01   9.0126494e-02   1.0000000e+00
   3.9211493e-01   3.7699146e-01   5.1981092e-01   3.5984930e-01   1.3306450e-01   1.2277350e-01   1.0000000e+00
   5.1433169e-01   5.9455459e-01   5.0697845e-01   3.6439774e-01   5.2163560e-01   1.6936351e-01   1.0000000e+00
   1.7426193e-01   1.4399861e-01   2.8736042e-01   2.7153196e-01   4.1453520e-01   1.2539223e-01   1.0000000e+00
   2.9789114e-01   1.2325539e-01   3.1499240e-01   4.0090119e-01   3.5451841e-01   1.4716745e-01   1.0000000e+00
   3.6771456e-01   3.4050146e-01   4.8954008e-01   3.5534247e-01   2.7067743e-01   1.1747639e-01   1.0000000e+00
   6.3536361e-01   7.4924113e-01   5.6752828e-01   4.0038542e-01   4.9082383e-01   1.6088342e-01   1.0000000e+00
   3.9653551e-01   2.4558658e-01   3.3735531e-01   4.3217119e-01   2.9808547e-01   1.2382441e-01   1.0000000e+00
   8.8726181e-01   8.0384019e-01   3.2967365e-01   6.1379424e-01   1.1767014e-01   1.9809520e-01   1.0000000e+00
   8.6583759e-01   7.8715653e-01   5.6200697e-01   6.0188144e-01   3.7226153e-01   2.1475055e-01   1.0000000e+00
   2.6805649e-01   2.8330855e-01   2.6042489e-01   2.8935194e-01   5.8410735e-01   8.4125231e-02   1.0000000e+00
   5.5509124e-01   4.7909813e-01   5.6478656e-01   4.6332405e-01   5.9574700e-01   1.8700539e-01   1.0000000e+00
   2.9746974e-01   2.3986073e-01   3.8489428e-01   3.4008410e-01   4.2903676e-01   1.1142493e-01   1.0000000e+00
   4.4553382e-01   4.1037768e-01   4.1048893e-01   3.9380748e-01   0.0000000e+00   5.3842540e-02   1.0000000e+00
   6.6773331e-01   5.6044591e-01   7.2629229e-01   5.2925819e-01   2.0674577e-01   1.5996001e-01   1.0000000e+00
   1.7461889e-01   1.3674712e-01   2.1477974e-01   2.7563143e-01   3.0317236e-01   8.1398304e-02   1.0000000e+00
   3.7287170e-01   3.8810973e-01   4.0128008e-01   3.3562510e-01   4.4733920e-01   7.5570954e-02   1.0000000e+00
   5.0395687e-01   3.6789393e-01   5.8790818e-01   4.7187507e-01   3.7261244e-01   5.4587903e-02   1.0000000e+00
   2.9435349e-01   3.5746189e-01   2.6641377e-01   2.7616538e-01   2.5389852e-01   7.4874780e-02   1.0000000e+00
   2.3799818e-01   2.7898851e-01   3.7854928e-01   2.6274918e-01   9.5892315e-02   7.9375240e-02   1.0000000e+00
   3.4010161e-01   5.7047921e-01   2.2459579e-01   2.0969730e-01   3.5834576e-01   7.6586334e-02   1.0000000e+00
   2.9334594e-01   2.7714044e-01   3.4523915e-01   3.1681285e-01   3.0858171e-01   1.4376134e-01   1.0000000e+00
   3.9426438e-01   3.5430577e-01   4.6670208e-01   3.7366507e-01   3.2942621e-01   1.0485843e-01   1.0000000e+00
   5.2726296e-01   4.6071437e-01   4.2635971e-01   4.4614737e-01   2.0851252e-01   1.2855125e-01   1.0000000e+00
   5.2568655e-01   5.8762638e-01   4.1969856e-01   3.7888221e-01   5.3792605e-01   1.4787138e-01   1.0000000e+00
   4.1060451e-01   1.0000000e+00   4.8375567e-01   5.4811874e-02   5.9078233e-01   1.5304766e-01   1.0000000e+00
   1.1338055e-01   1.9708297e-01   9.5847913e-02   1.8561347e-01   9.4383990e-01   1.0396898e-01   1.0000000e+00
   3.7108233e-01   3.8902467e-01   4.7996261e-01   3.3343417e-01   2.1740216e-01   9.8660301e-02   1.0000000e+00
   4.7537536e-01   6.8041742e-01   6.7655617e-01   2.8253395e-01   3.9517821e-01   1.5368662e-01   1.0000000e+00
   4.3259425e-01   7.8716253e-01   6.3124742e-01   1.8618127e-01   5.9234935e-01   1.8349427e-01   1.0000000e+00
   5.2956644e-01   4.8862294e-01   6.9610555e-01   4.3389825e-01   5.9520932e-01   1.1461782e-01   1.0000000e+00
   6.2998616e-01   5.5482934e-01   6.3199181e-01   4.9594972e-01   5.0786215e-01   1.4823333e-01   1.0000000e+00
   5.2981440e-01   4.9673821e-01   5.7960778e-01   4.2993167e-01   2.1496543e-01   1.4017092e-01   1.0000000e+00
   3.3053615e-01   2.1113211e-01   4.0999873e-01   3.8669551e-01   4.1887453e-01   9.6191440e-02   1.0000000e+00
   5.7416584e-01   8.0742200e-01   6.1463676e-01   3.1152288e-01   5.4585407e-01   1.6996508e-01   1.0000000e+00
   5.4258567e-01   6.3999662e-01   5.6428512e-01   3.6796411e-01   5.0500531e-01   1.7184197e-01   1.0000000e+00
   1.6945702e-01   2.9233552e-01   3.4006791e-01   1.9006890e-01   1.9735423e-01   1.2090072e-01   1.0000000e+00
   5.8180385e-01   8.3695986e-01   4.2187225e-01   3.0354811e-01   2.9381724e-01   1.5551723e-01   1.0000000e+00
   4.6603307e-01   7.1156231e-01   4.7378710e-01   2.5743398e-01   8.2142904e-01   3.1667175e-01   1.0000000e+00
   4.2534637e-01   3.0176876e-01   5.5815947e-01   4.3070746e-01   5.2860784e-01   1.0177969e-01   1.0000000e+00
   4.4842964e-01   4.5517980e-01   4.8325440e-01   3.7337422e-01   5.0415760e-01   8.4828488e-02   1.0000000e+00
   4.3490723e-01   2.1117864e-01   6.4433549e-01   4.8681547e-01   4.3683409e-01   1.1479958e-01   1.0000000e+00
   3.6286891e-01   3.4505150e-01   4.5963333e-01   3.4833572e-01   2.1228618e-01   1.5608342e-01   1.0000000e+00
   3.1518643e-01   7.8827174e-01   1.0000000e+00   7.2953753e-02   7.0489219e-01   2.9881863e-01   1.0000000e+00
   4.6975004e-01   3.6551523e-01   4.3576355e-01   4.4028600e-01   4.8528735e-01   1.0295695e-01   1.0000000e+00
   4.7403218e-01   4.1485541e-01   4.2326109e-01   4.1883177e-01   5.2480502e-01   9.9240867e-02   1.0000000e+00
   3.5893346e-01   4.7474698e-01   4.7876824e-01   2.7736495e-01   6.5509934e-01   1.1316281e-01   1.0000000e+00
   3.9894570e-01   7.1142715e-01   7.3636393e-01   1.9313366e-01   8.1212715e-01   2.3128346e-01   1.0000000e+00
   4.8382664e-01   8.6607238e-01   7.0953258e-01   1.9445587e-01   6.6873574e-01   2.6135156e-01   1.0000000e+00
   4.5799806e-01   2.9053746e-01   4.3850863e-01   4.6785564e-01   3.0805278e-01   8.8533180e-02   1.0000000e+00
   2.9306845e-01   3.7387622e-01   2.7734817e-01   2.6642818e-01   3.4026542e-01   8.5733808e-02   1.0000000e+00
   5.2045202e-01   7.2333786e-01   6.3629935e-01   3.0354811e-01   5.9696704e-01   2.5919450e-01   1.0000000e+00
   6.6867492e-01   9.4852698e-01   4.0271200e-01   3.2909844e-01   2.8607127e-01   2.0563545e-01   1.0000000e+00
   4.6242264e-01   4.5329739e-01   5.5513542e-01   3.8777578e-01   6.2720851e-01   1.9656924e-01   1.0000000e+00
   5.9343686e-01   4.8083755e-01   7.1434322e-01   4.9921550e-01   5.4697379e-01   2.0434951e-01   1.0000000e+00
   2.1325900e-01   4.1031825e-01   1.9982692e-01   1.7097054e-01   2.6669718e-01   9.1717556e-02   1.0000000e+00
   1.1918038e-01   4.2008545e-01   1.8894186e-01   7.5641735e-02   6.1889719e-01   4.4331485e-02   0.0000000e+00
   2.7750037e-01   4.5588197e-01   3.3650128e-01   2.0900376e-01   5.9968805e-01   3.0399867e-02   0.0000000e+00
   1.7567027e-01   2.7685776e-01   2.9444598e-01   2.0404948e-01   6.3597250e-01   3.7365751e-02   0.0000000e+00
   2.1382813e-01   4.2879865e-01   3.0427129e-01   1.6194200e-01   6.3338751e-01   2.3620131e-02   0.0000000e+00
   1.8858713e-01   3.0747969e-01   2.5574760e-01   2.0057811e-01   6.4627090e-01   1.7852063e-02   0.0000000e+00
   4.4306960e-02   3.5561793e-01   1.9601806e-01   3.7201031e-02   7.7781187e-01   2.1072577e-02   0.0000000e+00
   2.3884759e-01   2.3634045e-01   1.5120961e-01   2.8565999e-01   5.1693461e-01   2.3277849e-02   0.0000000e+00
   1.1552817e-01   2.3420812e-01   3.2615265e-01   1.6843972e-01   6.6709596e-01   4.0494243e-02   0.0000000e+00
   2.4571033e-01   4.0231425e-01   1.8793227e-01   2.0625443e-01   6.3774289e-01   2.8089785e-02   0.0000000e+00
   3.6807189e-01   5.8734041e-01   3.3075152e-01   2.2779907e-01   3.8816832e-01   3.2998972e-02   0.0000000e+00
   1.7689305e-01   5.0621530e-01   1.5637892e-01   8.6393520e-02   4.6990687e-01   2.5079185e-02   0.0000000e+00
   2.7779079e-01   2.2184335e-01   3.4901707e-01   3.3053688e-01   6.1177215e-01   2.4270356e-02   0.0000000e+00
   2.8890899e-01   3.5117654e-01   4.3526026e-01   2.7419779e-01   4.9625433e-01   9.8302658e-02   0.0000000e+00
   4.1713295e-01   4.5463127e-01   5.5454661e-01   3.4362924e-01   3.6025936e-01   2.4707837e-02   0.0000000e+00
   6.1422643e-01   5.2144718e-01   6.8517833e-01   4.9812342e-01   3.2712247e-01   3.2819159e-02   0.0000000e+00
   3.2384488e-01   2.5505687e-01   3.6998928e-01   3.5751800e-01   5.9245678e-01   3.3271173e-02   0.0000000e+00
   3.6467370e-01   4.0395037e-01   4.3961596e-01   3.1955214e-01   7.7727435e-01   4.0402930e-02   0.0000000e+00
   3.4134441e-01   4.6853722e-01   3.4805261e-01   2.6370550e-01   5.2268518e-01   3.6948704e-02   0.0000000e+00
   1.1475624e-01   2.6535924e-01   1.0950930e-01   1.5155979e-01   5.7771507e-01   3.4785634e-02   0.0000000e+00
   1.6673909e-01   2.9740382e-01   1.9716981e-01   1.8483518e-01   7.2435994e-01   1.8490932e-02   0.0000000e+00
   3.8060910e-01   5.3035468e-01   4.3476948e-01   2.6935261e-01   5.8120570e-01   1.6235707e-02   0.0000000e+00
   2.6776133e-01   3.4819390e-01   2.2372889e-01   2.5545190e-01   5.1738095e-01   3.7552338e-02   0.0000000e+00
   1.6366732e-01   3.6384804e-01   2.3578687e-01   1.4746334e-01   6.2841285e-01   2.8000628e-02   0.0000000e+00
   1.4018567e-01   2.8048365e-01   1.5232888e-01   1.6812343e-01   7.4241355e-01   1.9894169e-02   0.0000000e+00
   1.1172248e-01   2.8473217e-01   2.5057636e-01   1.3861186e-01   7.0609135e-01   5.7591138e-02   0.0000000e+00
   3.6438386e-01   4.7379095e-01   2.3426249e-01   2.8308992e-01   4.6224404e-01   0.0000000e+00   0.0000000e+00
   3.4405479e-01   3.5994285e-01   4.4745778e-01   3.2256841e-01   5.5595313e-01   2.8757760e-02   0.0000000e+00
   3.4713310e-01   3.6644208e-01   3.9376285e-01   3.2215483e-01   6.7964622e-01   3.7274761e-02   0.0000000e+00
   4.1333393e-01   3.5448952e-01   3.7201768e-01   3.9186711e-01   6.0791461e-01   5.0954668e-02   0.0000000e+00
   2.9221948e-01   4.6438521e-01   2.6469675e-01   2.1872126e-01   7.4317944e-01   2.1411693e-02   0.0000000e+00
   1.4947994e-01   2.7489505e-01   1.9716757e-01   1.7993672e-01   4.9976729e-01   1.1647174e-02   0.0000000e+00
   2.4479107e-01   3.5852721e-01   1.8793227e-01   2.2805829e-01   6.0906415e-01   5.8162095e-02   0.0000000e+00
   1.2479340e-01   2.1597141e-01   1.1573082e-01   1.8677808e-01   6.6139219e-01   2.3972735e-02   0.0000000e+00
   8.1997485e-02   2.5130438e-01   2.5952551e-01   1.2740952e-01   5.7969734e-01   1.6236547e-02   0.0000000e+00
   3.5567325e-01   6.0534235e-01   3.3653315e-01   2.0657584e-01   4.7773703e-01   4.3058646e-02   0.0000000e+00
   2.0887692e-01   3.0799479e-01   3.5796623e-01   2.1977930e-01   5.9478950e-01   2.4803594e-02   0.0000000e+00
   1.9761509e-01   4.0024900e-01   2.3267805e-01   1.6117704e-01   5.3011981e-01   4.6840552e-02   0.0000000e+00
   2.2838364e-01   4.1601553e-01   1.2528818e-01   1.8253089e-01   5.5225111e-01   3.0194245e-02   0.0000000e+00
   2.0419055e-01   2.7021772e-01   1.9294605e-01   2.3485487e-01   5.4301785e-01   2.9536324e-02   0.0000000e+00
   2.3730630e-01   4.7850569e-01   2.0583058e-01   1.5871629e-01   5.6201531e-01   3.1067568e-02   0.0000000e+00
   9.6540487e-02   1.0260335e-01   1.7564788e-01   2.1840494e-01   7.0819896e-01   2.0869753e-02   0.0000000e+00
   1.4080067e-01   1.4986516e-01   3.2216960e-01   2.3638644e-01   7.4379736e-01   2.7296790e-02   0.0000000e+00
   1.6173929e-01   1.2662875e-02   3.9376285e-01   3.2756099e-01   5.5409328e-01   1.7914598e-02   0.0000000e+00
   3.6306214e-01   4.9833650e-01   4.6535609e-01   2.6910478e-01   5.3197798e-01   5.4564045e-02   0.0000000e+00
   4.5143673e-01   4.6675135e-01   4.2067360e-01   3.7026435e-01   4.4254383e-01   2.7634160e-02   0.0000000e+00
   3.9918805e-01   3.7883905e-01   3.9377564e-01   3.6567874e-01   5.7587449e-01   8.6192449e-02   0.0000000e+00
   2.7587683e-01   2.9127338e-01   3.0427129e-01   2.9272902e-01   5.6948379e-01   4.4910187e-02   0.0000000e+00
   2.3158506e-01   6.4031580e-02   2.5057636e-01   3.6796411e-01   6.6373734e-01   6.4431265e-03   0.0000000e+00
   1.3696505e-01   2.9917218e-01   2.1449109e-01   1.5535080e-01   6.2295202e-01   2.6808767e-02   0.0000000e+00
   3.6139139e-01   4.1955338e-01   3.1634605e-01   3.0831891e-01   5.0551616e-01   2.4907671e-02   0.0000000e+00
   2.6999261e-01   3.3025739e-01   2.5952551e-01   2.6688565e-01   5.6056962e-01   2.6097986e-02   0.0000000e+00
   4.7092225e-01   3.8360200e-01   3.5555060e-01   4.3204005e-01   3.8244340e-01   2.9452722e-02   0.0000000e+00
   1.5787408e-01   3.7384911e-01   1.0133635e-01   1.3672321e-01   6.3258506e-01   2.7502710e-02   0.0000000e+00
   7.3692812e-02   1.8272264e-01   1.0291529e-01   1.5497311e-01   6.2634414e-01   2.1606239e-02   0.0000000e+00
   2.7347695e-01   2.3889302e-01   2.9532214e-01   3.1756439e-01   4.4853517e-01   1.5482752e-02   0.0000000e+00
   2.1239897e-01   2.8844588e-01   2.3009103e-01   2.3328692e-01   7.0482650e-01   3.8217367e-02   0.0000000e+00
   1.9507111e-01   2.9955002e-01   2.5684077e-01   2.1090782e-01   5.5023042e-01   2.4478878e-02   0.0000000e+00
   2.5764579e-01   2.8516216e-01   2.9521521e-01   2.7840254e-01   5.7005634e-01   3.0062383e-02   0.0000000e+00
   2.9895930e-01   4.1159764e-01   2.5811287e-01   2.5253715e-01   4.7020458e-01   3.7414612e-02   0.0000000e+00
   1.0601446e-01   4.1145740e-01   8.9491556e-02   6.7479193e-02   5.9073763e-01   4.2887686e-02   0.0000000e+00
   2.4269256e-01   2.7560936e-01   3.8481369e-01   2.6900417e-01   6.0641589e-01   2.0749787e-02   0.0000000e+00
   1.5785805e-01   4.1252866e-01   2.5057636e-01   1.1666811e-01   5.4360899e-01   4.4075544e-02   0.0000000e+00
   1.2741131e-01   2.4231082e-01   2.0583058e-01   1.7564362e-01   5.1335598e-01   3.0172693e-02   0.0000000e+00
   9.3837531e-02   1.3694871e-01   2.6361758e-01   1.9801726e-01   6.1127292e-01   2.1941138e-02   0.0000000e+00
   1.6438067e-01   2.9527690e-01   1.3368382e-01   1.8367423e-01   5.7410158e-01   2.9793200e-02   0.0000000e+00
   3.9679169e-01   4.1567758e-01   3.3111876e-01   3.4429354e-01   7.2599545e-01   3.7286954e-02   0.0000000e+00
   2.4282462e-01   3.6055226e-01   1.7234801e-01   2.2512231e-01   6.5839937e-01   2.9904587e-02   0.0000000e+00
   3.8200318e-01   3.5297375e-01   2.6847467e-01   3.6259056e-01   6.3783177e-01   2.1126704e-02   0.0000000e+00
   1.3758297e-01   9.3335122e-02   1.5198143e-01   2.6258704e-01   5.2966870e-01   1.1369855e-02   0.0000000e+00
   2.1848621e-01   4.3890176e-01   3.4006791e-01   1.6117704e-01   7.4275698e-01   5.0048830e-02   0.0000000e+00
   2.3087209e-01   3.5695893e-01   1.8307771e-01   2.1551555e-01   5.2750679e-01   3.2932080e-02   0.0000000e+00
   3.6758619e-01   3.7603166e-01   2.6760216e-01   3.3681125e-01   4.8721842e-01   3.9594002e-02   0.0000000e+00
   2.6556552e-01   3.5726217e-01   2.4685617e-01   2.4864679e-01   4.7136091e-01   3.2111670e-02   0.0000000e+00
   2.2035771e-01   3.5131075e-01   3.3893603e-01   2.0835330e-01   6.0561934e-01   2.6987002e-02   0.0000000e+00
   3.1845816e-01   3.7719056e-01   2.6130781e-01   2.8907247e-01   5.4795041e-01   3.2329241e-02   0.0000000e+00
   4.0175844e-01   4.1269737e-01   2.6182367e-01   3.5060317e-01   5.3343251e-01   3.7070931e-02   0.0000000e+00
   3.4321811e-01   4.2276493e-01   2.9442722e-01   2.8921775e-01   5.4670893e-01   3.2927987e-02   0.0000000e+00
   6.6486876e-02   1.1128103e-01   4.5381836e-02   1.8507262e-01   5.4099222e-01   4.7515092e-02   0.0000000e+00
   4.6695830e-01   3.9793779e-01   3.9929864e-01   4.2080933e-01   3.7999045e-01   2.7135455e-02   0.0000000e+00
   1.7632813e-01   3.7025170e-01   1.6326388e-01   1.5629368e-01   6.6282455e-01   1.7350795e-02   0.0000000e+00
   9.9092956e-02   3.6498547e-01   5.5865658e-02   8.4914923e-02   6.0216378e-01   2.6158898e-02   0.0000000e+00
   2.4045563e-01   3.7088884e-01   1.9644496e-01   2.1749393e-01   4.9168610e-01   4.1813817e-02   0.0000000e+00
   8.3027668e-02   1.6408664e-01   1.3875112e-01   1.7358514e-01   6.1359518e-01   2.4667722e-02   0.0000000e+00
   2.1946026e-01   2.1688209e-01   3.7138996e-01   2.7713913e-01   7.2079600e-01   7.1957279e-02   0.0000000e+00
   1.9374317e-01   2.9681487e-01   2.0583058e-01   2.1105073e-01   6.2352943e-01   1.3868966e-02   0.0000000e+00
   1.9557531e-01   2.3533655e-01   3.0516621e-01   2.4466033e-01   6.4811824e-01   3.1442089e-02   0.0000000e+00
   1.3028726e-01   4.0659196e-01   2.0292082e-01   9.3289710e-02   6.6502263e-01   1.4174071e-02   0.0000000e+00
   1.8736897e-01   4.5214369e-01   1.7696188e-01   1.2445945e-01   5.0236803e-01   3.3030836e-02   0.0000000e+00
   3.8924455e-01   4.9034084e-01   1.5864590e-01   2.9836933e-01   6.3255512e-01   2.9272219e-02   0.0000000e+00
   5.4739660e-01   6.5102952e-01   3.9600499e-01   3.6686410e-01   4.3689701e-01   3.9891681e-02   0.0000000e+00
   2.3656740e-01   2.3249135e-01   1.8793227e-01   2.8546634e-01   5.0012004e-01   2.5240773e-02   0.0000000e+00
   6.0631987e-01   5.8283243e-01   4.9239381e-01   4.5873362e-01   4.4520037e-01   3.9850179e-02   0.0000000e+00
   2.7440891e-01   5.0090230e-01   1.3746097e-01   1.8271266e-01   5.1899713e-01   2.2316302e-02   0.0000000e+00
   7.9416397e-02   1.5392252e-01   1.6458231e-01   1.7538612e-01   6.2607361e-01   1.7906519e-02   0.0000000e+00
   1.8254641e-01   3.3689897e-01   2.7369361e-01   1.7954003e-01   8.3679263e-01   4.9265899e-03   0.0000000e+00
   2.0982214e-01   3.6029264e-01   1.9688142e-01   1.9359093e-01   5.0938024e-01   1.5858387e-02   0.0000000e+00
   2.6800913e-01   4.8719410e-01   1.3621093e-01   1.8367423e-01   4.7622326e-01   2.4760561e-02   0.0000000e+00
   3.4043781e-01   5.2244298e-01   2.8789745e-01   2.3490726e-01   5.9779618e-01   1.9437325e-02   0.0000000e+00
   1.8425678e-01   2.7235174e-01   2.4684569e-01   2.1462279e-01   5.2117504e-01   2.6240446e-02   0.0000000e+00
   7.4202019e-02   2.0770855e-01   2.0261992e-01   1.4251659e-01   5.7924032e-01   2.5276764e-02   0.0000000e+00
