   8.5416667e-01   1.0000000e+00   1.0000000e+00   3.3962264e-01   4.4748858e-01   0.0000000e+00   1.0000000e+00   2.9007634e-01   0.0000000e+00   3.8709677e-01   5.0000000e-01   1.0000000e+00   0.0000000e+00   1.0000000e+00
   7.9166667e-01   0.0000000e+00   6.6666667e-01   1.9811321e-01   1.0000000e+00   0.0000000e+00   1.0000000e+00   6.7938931e-01   0.0000000e+00   2.5806452e-01   5.0000000e-01   0.0000000e+00   1.0000000e+00   0.0000000e+00
   5.8333333e-01   1.0000000e+00   3.3333333e-01   2.8301887e-01   3.0821918e-01   0.0000000e+00   0.0000000e+00   5.3435115e-01   0.0000000e+00   4.8387097e-02   0.0000000e+00   0.0000000e+00   1.0000000e+00   1.0000000e+00
   7.2916667e-01   1.0000000e+00   1.0000000e+00   3.2075472e-01   3.1278539e-01   0.0000000e+00   0.0000000e+00   2.5954198e-01   1.0000000e+00   3.2258065e-02   5.0000000e-01   3.3333333e-01   1.0000000e+00   0.0000000e+00
   9.3750000e-01   0.0000000e+00   3.3333333e-01   2.4528302e-01   3.2648402e-01   0.0000000e+00   1.0000000e+00   3.8167939e-01   1.0000000e+00   3.2258065e-02   0.0000000e+00   3.3333333e-01   0.0000000e+00   0.0000000e+00
   7.5000000e-01   1.0000000e+00   1.0000000e+00   2.4528302e-01   1.1643836e-01   0.0000000e+00   0.0000000e+00   5.2671756e-01   0.0000000e+00   6.4516129e-02   0.0000000e+00   0.0000000e+00   1.0000000e+00   0.0000000e+00
   5.6250000e-01   1.0000000e+00   6.6666667e-01   3.3962264e-01   2.9680365e-01   1.0000000e+00   1.0000000e+00   5.4198473e-01   1.0000000e+00   9.6774194e-02   5.0000000e-01   3.3333333e-01   7.5000000e-01   1.0000000e+00
   6.2500000e-01   1.0000000e+00   1.0000000e+00   1.5094340e-01   2.5799087e-01   0.0000000e+00   1.0000000e+00   5.4198473e-01   1.0000000e+00   1.9354839e-01   5.0000000e-01   3.3333333e-01   1.0000000e+00   1.0000000e+00
   6.4583333e-01   1.0000000e+00   1.0000000e+00   4.3396226e-01   3.8127854e-01   0.0000000e+00   1.0000000e+00   7.5572519e-01   0.0000000e+00   1.9354839e-01   5.0000000e-01   6.6666667e-01   1.0000000e+00   1.0000000e+00
   7.0833333e-01   0.0000000e+00   1.0000000e+00   5.2830189e-01   6.4155251e-01   0.0000000e+00   1.0000000e+00   6.3358779e-01   0.0000000e+00   6.4516129e-01   5.0000000e-01   1.0000000e+00   1.0000000e+00   1.0000000e+00
   6.2500000e-01   1.0000000e+00   1.0000000e+00   3.8679245e-01   2.4657534e-01   0.0000000e+00   0.0000000e+00   6.8702290e-01   0.0000000e+00   8.0645161e-02   5.0000000e-01   0.0000000e+00   1.0000000e+00   0.0000000e+00
   5.0000000e-01   1.0000000e+00   1.0000000e+00   4.5283019e-01   2.2831050e-01   0.0000000e+00   1.0000000e+00   3.0534351e-01   1.0000000e+00   0.0000000e+00   0.0000000e+00   0.0000000e+00   1.0000000e+00   0.0000000e+00
   3.1250000e-01   1.0000000e+00   6.6666667e-01   4.3396226e-01   2.4885845e-01   0.0000000e+00   1.0000000e+00   8.3206107e-01   0.0000000e+00   0.0000000e+00   0.0000000e+00   0.0000000e+00   0.0000000e+00   0.0000000e+00
   6.6666667e-01   1.0000000e+00   0.0000000e+00   3.7735849e-01   2.4657534e-01   0.0000000e+00   0.0000000e+00   5.6488550e-01   0.0000000e+00   4.1935484e-01   5.0000000e-01   6.6666667e-01   0.0000000e+00   1.0000000e+00
   5.8333333e-01   0.0000000e+00   1.0000000e+00   3.2075472e-01   4.0410959e-01   0.0000000e+00   1.0000000e+00   6.7175573e-01   0.0000000e+00   0.0000000e+00   0.0000000e+00   3.3333333e-01   0.0000000e+00   0.0000000e+00
   8.7500000e-01   0.0000000e+00   1.0000000e+00   1.6981132e-01   5.2511416e-02   0.0000000e+00   0.0000000e+00   4.1221374e-01   0.0000000e+00   2.5806452e-01   5.0000000e-01   0.0000000e+00   0.0000000e+00   0.0000000e+00
   3.5416667e-01   1.0000000e+00   1.0000000e+00   4.3396226e-01   4.2237443e-01   0.0000000e+00   0.0000000e+00   3.7404580e-01   1.0000000e+00   2.9032258e-01   5.0000000e-01   6.6666667e-01   1.0000000e+00   1.0000000e+00
   5.0000000e-01   1.0000000e+00   1.0000000e+00   4.3396226e-01   1.7579909e-01   1.0000000e+00   1.0000000e+00   6.4122137e-01   1.0000000e+00   5.0000000e-01   1.0000000e+00   0.0000000e+00   1.0000000e+00   1.0000000e+00
   7.2916667e-01   1.0000000e+00   0.0000000e+00   1.5094340e-01   1.9406393e-01   0.0000000e+00   1.0000000e+00   5.5725191e-01   1.0000000e+00   2.9032258e-01   5.0000000e-01   0.0000000e+00   0.0000000e+00   0.0000000e+00
   2.2916667e-01   1.0000000e+00   0.0000000e+00   4.3396226e-01   1.6666667e-01   0.0000000e+00   0.0000000e+00   8.1679389e-01   1.0000000e+00   2.2580645e-01   0.0000000e+00   0.0000000e+00   1.0000000e+00   0.0000000e+00
   7.9166667e-01   1.0000000e+00   1.0000000e+00   2.4528302e-01   2.3515982e-01   0.0000000e+00   1.0000000e+00   4.4274809e-01   1.0000000e+00   4.1935484e-01   5.0000000e-01   6.6666667e-01   1.0000000e+00   1.0000000e+00
   3.9583333e-01   1.0000000e+00   3.3333333e-01   3.3962264e-01   2.7168950e-01   0.0000000e+00   1.0000000e+00   8.3206107e-01   0.0000000e+00   3.2258065e-02   5.0000000e-01   0.0000000e+00   0.0000000e+00   0.0000000e+00
   2.9166667e-01   1.0000000e+00   1.0000000e+00   1.9811321e-01   4.0410959e-01   0.0000000e+00   0.0000000e+00   8.3969466e-01   0.0000000e+00   1.9354839e-01   5.0000000e-01   0.0000000e+00   0.0000000e+00   0.0000000e+00
   3.7500000e-01   1.0000000e+00   1.0000000e+00   1.6981132e-01   1.7808219e-01   0.0000000e+00   0.0000000e+00   5.4961832e-01   0.0000000e+00   1.6129032e-02   0.0000000e+00   0.0000000e+00   0.0000000e+00   0.0000000e+00
   5.2083333e-01   0.0000000e+00   3.3333333e-01   3.5849057e-01   3.6986301e-01   1.0000000e+00   1.0000000e+00   6.7175573e-01   1.0000000e+00   0.0000000e+00   0.0000000e+00   3.3333333e-01   0.0000000e+00   0.0000000e+00
   3.9583333e-01   0.0000000e+00   6.6666667e-01   3.3962264e-01   3.4018265e-01   0.0000000e+00   0.0000000e+00   5.1908397e-01   0.0000000e+00   3.2258065e-02   0.0000000e+00   0.0000000e+00   0.0000000e+00   0.0000000e+00
   3.5416667e-01   0.0000000e+00   1.0000000e+00   4.1509434e-01   2.6712329e-01   0.0000000e+00   1.0000000e+00   6.1832061e-01   1.0000000e+00   0.0000000e+00   5.0000000e-01   0.0000000e+00   0.0000000e+00   0.0000000e+00
   4.5833333e-01   0.0000000e+00   6.6666667e-01   2.4528302e-01   3.8584475e-01   0.0000000e+00   1.0000000e+00   6.5648855e-01   0.0000000e+00   9.6774194e-02   0.0000000e+00   0.0000000e+00   0.0000000e+00   0.0000000e+00
   6.0416667e-01   1.0000000e+00   6.6666667e-01   1.6981132e-01   2.3744292e-01   0.0000000e+00   1.0000000e+00   7.1755725e-01   0.0000000e+00   4.0322581e-01   5.0000000e-01   3.3333333e-01   1.0000000e+00   1.0000000e+00
   8.7500000e-01   0.0000000e+00   6.6666667e-01   1.5094340e-01   3.1735160e-01   1.0000000e+00   1.0000000e+00   4.5038168e-01   0.0000000e+00   0.0000000e+00   0.0000000e+00   3.3333333e-01   0.0000000e+00   0.0000000e+00
   5.8333333e-01   1.0000000e+00   6.6666667e-01   3.2075472e-01   2.3515982e-01   0.0000000e+00   1.0000000e+00   6.0305344e-01   0.0000000e+00   6.4516129e-02   5.0000000e-01   3.3333333e-01   1.0000000e+00   1.0000000e+00
   7.7083333e-01   1.0000000e+00   1.0000000e+00   6.2264151e-01   2.3287671e-01   0.0000000e+00   1.0000000e+00   5.1145038e-01   0.0000000e+00   3.7096774e-01   0.0000000e+00   0.0000000e+00   7.5000000e-01   0.0000000e+00
   1.6666667e-01   0.0000000e+00   6.6666667e-01   2.4528302e-01   2.0319635e-01   0.0000000e+00   0.0000000e+00   7.5572519e-01   0.0000000e+00   0.0000000e+00   0.0000000e+00   0.0000000e+00   0.0000000e+00   0.0000000e+00
   6.2500000e-01   1.0000000e+00   1.0000000e+00   7.1698113e-01   4.5662100e-01   0.0000000e+00   1.0000000e+00   5.2671756e-01   1.0000000e+00   5.4838710e-01   1.0000000e+00   0.0000000e+00   1.0000000e+00   1.0000000e+00
   4.3750000e-01   1.0000000e+00   1.0000000e+00   4.7169811e-01   1.6894977e-01   0.0000000e+00   1.0000000e+00   4.1984733e-01   1.0000000e+00   1.4516129e-01   5.0000000e-01   0.0000000e+00   1.0000000e+00   1.0000000e+00
   3.9583333e-01   1.0000000e+00   1.0000000e+00   3.3962264e-01   2.9680365e-01   1.0000000e+00   1.0000000e+00   6.0305344e-01   1.0000000e+00   0.0000000e+00   0.0000000e+00   6.6666667e-01   1.0000000e+00   1.0000000e+00
   6.6666667e-01   1.0000000e+00   1.0000000e+00   4.3396226e-01   1.8493151e-01   0.0000000e+00   1.0000000e+00   5.1145038e-01   1.0000000e+00   3.0645161e-01   0.0000000e+00   3.3333333e-01   1.0000000e+00   1.0000000e+00
   6.2500000e-01   1.0000000e+00   0.0000000e+00   6.2264151e-01   3.3561644e-01   0.0000000e+00   1.0000000e+00   4.1221374e-01   0.0000000e+00   0.0000000e+00   0.0000000e+00   0.0000000e+00   0.0000000e+00   1.0000000e+00
   2.7083333e-01   1.0000000e+00   6.6666667e-01   3.3962264e-01   1.2328767e-01   0.0000000e+00   0.0000000e+00   6.0305344e-01   0.0000000e+00   0.0000000e+00   0.0000000e+00   0.0000000e+00   0.0000000e+00   0.0000000e+00
   3.9583333e-01   1.0000000e+00   1.0000000e+00   2.6415094e-01   2.1917808e-01   0.0000000e+00   1.0000000e+00   8.7786260e-01   0.0000000e+00   0.0000000e+00   0.0000000e+00   0.0000000e+00   0.0000000e+00   0.0000000e+00
   2.2916667e-01   1.0000000e+00   1.0000000e+00   5.4716981e-01   2.2146119e-01   0.0000000e+00   0.0000000e+00   8.3969466e-01   0.0000000e+00   0.0000000e+00   0.0000000e+00   0.0000000e+00   1.0000000e+00   1.0000000e+00
   6.8750000e-01   0.0000000e+00   1.0000000e+00   2.8301887e-01   1.8949772e-01   0.0000000e+00   0.0000000e+00   7.0229008e-01   0.0000000e+00   0.0000000e+00   0.0000000e+00   0.0000000e+00   0.0000000e+00   0.0000000e+00
   3.1250000e-01   1.0000000e+00   6.6666667e-01   3.3962264e-01   2.4429224e-01   0.0000000e+00   0.0000000e+00   8.2442748e-01   1.0000000e+00   6.4516129e-02   0.0000000e+00   0.0000000e+00   0.0000000e+00   0.0000000e+00
   3.5416667e-01   1.0000000e+00   3.3333333e-01   6.6037736e-02   1.6210046e-01   1.0000000e+00   0.0000000e+00   6.4885496e-01   0.0000000e+00   0.0000000e+00   0.0000000e+00   0.0000000e+00   1.0000000e+00   0.0000000e+00
   6.2500000e-01   1.0000000e+00   6.6666667e-01   3.0188679e-01   2.1004566e-01   1.0000000e+00   0.0000000e+00   4.8091603e-01   0.0000000e+00   3.5483871e-01   5.0000000e-01   3.3333333e-01   7.5000000e-01   1.0000000e+00
   6.0416667e-01   1.0000000e+00   6.6666667e-01   4.3396226e-01   1.9406393e-01   1.0000000e+00   1.0000000e+00   7.1755725e-01   0.0000000e+00   0.0000000e+00   0.0000000e+00   0.0000000e+00   0.0000000e+00   0.0000000e+00
   4.1666667e-01   1.0000000e+00   6.6666667e-01   2.2641509e-01   5.2511416e-02   0.0000000e+00   1.0000000e+00   4.1984733e-01   0.0000000e+00   1.2903226e-01   0.0000000e+00   1.0000000e+00   0.0000000e+00   1.0000000e+00
   3.1250000e-01   1.0000000e+00   1.0000000e+00   1.5094340e-01   1.6210046e-01   0.0000000e+00   1.0000000e+00   8.0916031e-01   0.0000000e+00   0.0000000e+00   0.0000000e+00   3.3333333e-01   0.0000000e+00   1.0000000e+00
   7.7083333e-01   1.0000000e+00   3.3333333e-01   6.2264151e-01   2.7397260e-01   0.0000000e+00   0.0000000e+00   3.7404580e-01   1.0000000e+00   0.0000000e+00   5.0000000e-01   1.0000000e+00   7.5000000e-01   1.0000000e+00
   7.5000000e-01   0.0000000e+00   1.0000000e+00   5.2830189e-01   2.2602740e-01   0.0000000e+00   1.0000000e+00   3.2824427e-01   0.0000000e+00   1.6129032e-01   5.0000000e-01   1.0000000e+00   1.0000000e+00   1.0000000e+00
   2.7083333e-01   1.0000000e+00   1.0000000e+00   3.9622642e-01   4.3150685e-01   0.0000000e+00   0.0000000e+00   4.1221374e-01   1.0000000e+00   2.9032258e-01   5.0000000e-01   0.0000000e+00   7.5000000e-01   1.0000000e+00
   4.7916667e-01   1.0000000e+00   3.3333333e-01   3.2075472e-01   1.8036530e-01   1.0000000e+00   0.0000000e+00   8.6259542e-01   0.0000000e+00   0.0000000e+00   0.0000000e+00   0.0000000e+00   0.0000000e+00   0.0000000e+00
   7.5000000e-01   0.0000000e+00   6.6666667e-01   4.3396226e-01   6.6438356e-01   1.0000000e+00   1.0000000e+00   6.5648855e-01   0.0000000e+00   1.2903226e-01   0.0000000e+00   3.3333333e-01   0.0000000e+00   0.0000000e+00
   7.0833333e-01   0.0000000e+00   3.3333333e-01   4.3396226e-01   1.5753425e-01   0.0000000e+00   0.0000000e+00   8.2442748e-01   0.0000000e+00   0.0000000e+00   0.0000000e+00   6.6666667e-01   0.0000000e+00   0.0000000e+00
   3.3333333e-01   0.0000000e+00   3.3333333e-01   3.3962264e-01   2.4657534e-01   0.0000000e+00   1.0000000e+00   7.9389313e-01   0.0000000e+00   9.6774194e-02   5.0000000e-01   0.0000000e+00   0.0000000e+00   0.0000000e+00
   2.5000000e-01   0.0000000e+00   3.3333333e-01   1.0377358e-01   1.6438356e-01   0.0000000e+00   0.0000000e+00   7.4045802e-01   0.0000000e+00   0.0000000e+00   0.0000000e+00   3.3333333e-01   0.0000000e+00   0.0000000e+00
   6.6666667e-01   1.0000000e+00   1.0000000e+00   4.1509434e-01   9.1324201e-02   0.0000000e+00   1.0000000e+00   4.1221374e-01   1.0000000e+00   5.8064516e-01   5.0000000e-01   3.3333333e-01   0.0000000e+00   1.0000000e+00
   6.4583333e-01   0.0000000e+00   6.6666667e-01   2.4528302e-01   1.1872146e-01   1.0000000e+00   0.0000000e+00   1.9083969e-01   0.0000000e+00   0.0000000e+00   0.0000000e+00   0.0000000e+00   0.0000000e+00   0.0000000e+00
   6.2500000e-01   0.0000000e+00   1.0000000e+00   7.5471698e-01   2.8082192e-01   0.0000000e+00   0.0000000e+00   5.4961832e-01   1.0000000e+00   0.0000000e+00   5.0000000e-01   0.0000000e+00   0.0000000e+00   1.0000000e+00
   6.8750000e-01   1.0000000e+00   3.3333333e-01   2.4528302e-01   3.5388128e-01   0.0000000e+00   1.0000000e+00   2.4427481e-01   0.0000000e+00   2.2580645e-01   5.0000000e-01   3.3333333e-01   1.0000000e+00   1.0000000e+00
   5.8333333e-01   1.0000000e+00   6.6666667e-01   5.2830189e-01   0.0000000e+00   1.0000000e+00   0.0000000e+00   7.7862595e-01   0.0000000e+00   3.2258065e-02   0.0000000e+00   3.3333333e-01   1.0000000e+00   0.0000000e+00
   4.5833333e-01   0.0000000e+00   1.0000000e+00   3.3962264e-01   4.0867580e-01   0.0000000e+00   0.0000000e+00   5.4198473e-01   1.0000000e+00   1.9354839e-01   5.0000000e-01   0.0000000e+00   1.0000000e+00   1.0000000e+00
   3.1250000e-01   1.0000000e+00   6.6666667e-01   2.4528302e-01   2.2831050e-01   0.0000000e+00   0.0000000e+00   7.4809160e-01   0.0000000e+00   0.0000000e+00   0.0000000e+00   0.0000000e+00   0.0000000e+00   0.0000000e+00
   6.4583333e-01   0.0000000e+00   0.0000000e+00   5.2830189e-01   2.6027397e-01   0.0000000e+00   0.0000000e+00   7.6335878e-01   0.0000000e+00   1.4516129e-01   0.0000000e+00   0.0000000e+00   0.0000000e+00   0.0000000e+00
   7.0833333e-01   1.0000000e+00   0.0000000e+00   4.8113208e-01   2.4429224e-01   1.0000000e+00   1.0000000e+00   6.0305344e-01   0.0000000e+00   3.7096774e-01   1.0000000e+00   0.0000000e+00   7.5000000e-01   0.0000000e+00
   5.8333333e-01   1.0000000e+00   1.0000000e+00   5.2830189e-01   3.4246575e-01   0.0000000e+00   1.0000000e+00   3.1297710e-01   1.0000000e+00   9.6774194e-02   5.0000000e-01   3.3333333e-01   7.5000000e-01   1.0000000e+00
   4.5833333e-01   1.0000000e+00   1.0000000e+00   4.3396226e-01   3.0821918e-01   0.0000000e+00   1.0000000e+00   8.7786260e-01   1.0000000e+00   0.0000000e+00   0.0000000e+00   0.0000000e+00   0.0000000e+00   0.0000000e+00
   6.0416667e-01   0.0000000e+00   3.3333333e-01   3.9622642e-01   4.4063927e-01   1.0000000e+00   1.0000000e+00   6.1832061e-01   0.0000000e+00   0.0000000e+00   0.0000000e+00   6.6666667e-01   0.0000000e+00   1.0000000e+00
   3.1250000e-01   0.0000000e+00   6.6666667e-01   2.2641509e-01   2.6484018e-01   0.0000000e+00   0.0000000e+00   5.9541985e-01   0.0000000e+00   4.8387097e-02   5.0000000e-01   3.3333333e-01   0.0000000e+00   0.0000000e+00
   3.7500000e-01   1.0000000e+00   6.6666667e-01   1.3207547e-01   2.6712329e-01   0.0000000e+00   0.0000000e+00   6.1832061e-01   0.0000000e+00   0.0000000e+00   0.0000000e+00   0.0000000e+00   0.0000000e+00   1.0000000e+00
   6.6666667e-01   1.0000000e+00   1.0000000e+00   2.4528302e-01   3.0593607e-01   0.0000000e+00   0.0000000e+00   5.2671756e-01   1.0000000e+00   5.8064516e-01   5.0000000e-01   3.3333333e-01   1.0000000e+00   1.0000000e+00
   5.8333333e-01   0.0000000e+00   1.0000000e+00   2.4528302e-01   5.2054795e-01   0.0000000e+00   0.0000000e+00   7.0229008e-01   1.0000000e+00   9.6774194e-02   0.0000000e+00   0.0000000e+00   0.0000000e+00   0.0000000e+00
   8.5416667e-01   1.0000000e+00   3.3333333e-01   5.8490566e-01   2.7168950e-01   0.0000000e+00   1.0000000e+00   5.4961832e-01   0.0000000e+00   0.0000000e+00   0.0000000e+00   0.0000000e+00   0.0000000e+00   0.0000000e+00
   9.7916667e-01   0.0000000e+00   6.6666667e-01   4.3396226e-01   1.6210046e-01   0.0000000e+00   5.0000000e-01   3.4351145e-01   0.0000000e+00   1.7741935e-01   5.0000000e-01   0.0000000e+00   0.0000000e+00   0.0000000e+00
   7.9166667e-01   0.0000000e+00   1.0000000e+00   1.1320755e-01   2.2146119e-01   0.0000000e+00   0.0000000e+00   5.4198473e-01   0.0000000e+00   4.8387097e-02   0.0000000e+00   6.6666667e-01   0.0000000e+00   0.0000000e+00
   3.3333333e-01   1.0000000e+00   1.0000000e+00   4.5283019e-01   4.1780822e-01   0.0000000e+00   1.0000000e+00   5.8015267e-01   1.0000000e+00   0.0000000e+00   5.0000000e-01   1.0000000e+00   1.0000000e+00   1.0000000e+00
   3.3333333e-01   1.0000000e+00   1.0000000e+00   9.4339623e-02   1.8721461e-01   0.0000000e+00   1.0000000e+00   5.8778626e-01   1.0000000e+00   4.8387097e-01   5.0000000e-01   0.0000000e+00   0.0000000e+00   0.0000000e+00
   2.0833333e-01   0.0000000e+00   6.6666667e-01   0.0000000e+00   1.6666667e-01   0.0000000e+00   0.0000000e+00   8.2442748e-01   0.0000000e+00   0.0000000e+00   0.0000000e+00   0.0000000e+00   0.0000000e+00   0.0000000e+00
   2.7083333e-01   0.0000000e+00   6.6666667e-01   2.4528302e-01   1.8949772e-01   0.0000000e+00   0.0000000e+00   7.7862595e-01   0.0000000e+00   0.0000000e+00   5.0000000e-01   0.0000000e+00   0.0000000e+00   0.0000000e+00
   5.6250000e-01   1.0000000e+00   3.3333333e-01   2.4528302e-01   2.5114155e-01   0.0000000e+00   0.0000000e+00   8.1679389e-01   0.0000000e+00   1.2903226e-01   0.0000000e+00   0.0000000e+00   0.0000000e+00   0.0000000e+00
   6.0416667e-01   1.0000000e+00   1.0000000e+00   4.9056604e-01   2.1004566e-01   0.0000000e+00   0.0000000e+00   2.5954198e-01   0.0000000e+00   3.2258065e-01   5.0000000e-01   3.3333333e-01   1.0000000e+00   1.0000000e+00
   1.2500000e-01   1.0000000e+00   1.0000000e+00   2.4528302e-01   1.6438356e-01   0.0000000e+00   0.0000000e+00   4.5038168e-01   1.0000000e+00   2.5806452e-01   5.0000000e-01   0.0000000e+00   1.0000000e+00   1.0000000e+00
   6.0416667e-01   1.0000000e+00   1.0000000e+00   5.2830189e-01   3.2876712e-01   0.0000000e+00   1.0000000e+00   3.0534351e-01   1.0000000e+00   1.2903226e-01   0.0000000e+00   0.0000000e+00   1.0000000e+00   1.0000000e+00
   2.5000000e-01   1.0000000e+00   6.6666667e-01   3.3962264e-01   2.0091324e-01   0.0000000e+00   1.0000000e+00   7.4045802e-01   0.0000000e+00   3.2258065e-01   5.0000000e-01   0.0000000e+00   0.0000000e+00   0.0000000e+00
   5.8333333e-01   1.0000000e+00   1.0000000e+00   1.5094340e-01   1.7123288e-01   0.0000000e+00   0.0000000e+00   4.1984733e-01   1.0000000e+00   2.4193548e-01   5.0000000e-01   0.0000000e+00   7.5000000e-01   0.0000000e+00
   2.7083333e-01   1.0000000e+00   0.0000000e+00   5.0943396e-01   2.6940639e-01   0.0000000e+00   1.0000000e+00   8.1679389e-01   0.0000000e+00   1.2903226e-01   0.0000000e+00   6.6666667e-01   0.0000000e+00   0.0000000e+00
   6.8750000e-01   1.0000000e+00   3.3333333e-01   3.2075472e-01   1.8721461e-01   1.0000000e+00   1.0000000e+00   5.2671756e-01   0.0000000e+00   0.0000000e+00   0.0000000e+00   0.0000000e+00   0.0000000e+00   0.0000000e+00
   6.2500000e-01   1.0000000e+00   0.0000000e+00   7.9245283e-01   3.2876712e-01   0.0000000e+00   1.0000000e+00   5.6488550e-01   0.0000000e+00   6.7741935e-01   1.0000000e+00   0.0000000e+00   1.0000000e+00   0.0000000e+00
   2.5000000e-01   0.0000000e+00   3.3333333e-01   3.0188679e-01   4.1095890e-01   0.0000000e+00   0.0000000e+00   7.0229008e-01   0.0000000e+00   0.0000000e+00   0.0000000e+00   0.0000000e+00   0.0000000e+00   0.0000000e+00
   4.3750000e-01   1.0000000e+00   1.0000000e+00   5.2830189e-01   2.6712329e-01   0.0000000e+00   1.0000000e+00   4.3511450e-01   0.0000000e+00   4.1935484e-01   5.0000000e-01   0.0000000e+00   1.0000000e+00   1.0000000e+00
   6.2500000e-01   1.0000000e+00   3.3333333e-01   4.3396226e-01   2.1689498e-01   0.0000000e+00   0.0000000e+00   7.0992366e-01   1.0000000e+00   0.0000000e+00   0.0000000e+00   0.0000000e+00   0.0000000e+00   0.0000000e+00
   6.6666667e-01   0.0000000e+00   1.0000000e+00   3.3962264e-01   4.6575342e-01   0.0000000e+00   1.0000000e+00   7.4809160e-01   0.0000000e+00   0.0000000e+00   0.0000000e+00   0.0000000e+00   0.0000000e+00   1.0000000e+00
   5.2083333e-01   1.0000000e+00   1.0000000e+00   2.8301887e-01   3.1963470e-01   0.0000000e+00   1.0000000e+00   2.9007634e-01   1.0000000e+00   3.5483871e-01   5.0000000e-01   3.3333333e-01   1.0000000e+00   1.0000000e+00
   5.2083333e-01   1.0000000e+00   1.0000000e+00   1.5094340e-01   1.8264840e-01   0.0000000e+00   1.0000000e+00   2.8244275e-01   1.0000000e+00   0.0000000e+00   5.0000000e-01   3.3333333e-01   0.0000000e+00   1.0000000e+00
   4.7916667e-01   1.0000000e+00   1.0000000e+00   2.9245283e-01   1.9634703e-01   0.0000000e+00   0.0000000e+00   7.4045802e-01   0.0000000e+00   1.6129032e-01   0.0000000e+00   6.6666667e-01   1.0000000e+00   1.0000000e+00
   3.7500000e-01   1.0000000e+00   1.0000000e+00   1.5094340e-01   3.4018265e-01   0.0000000e+00   1.0000000e+00   3.5877863e-01   1.0000000e+00   1.6129032e-01   5.0000000e-01   3.3333333e-01   0.0000000e+00   1.0000000e+00
   7.7083333e-01   1.0000000e+00   1.0000000e+00   2.4528302e-01   4.0182648e-01   0.0000000e+00   1.0000000e+00   6.1068702e-01   0.0000000e+00   6.4516129e-02   5.0000000e-01   0.0000000e+00   0.0000000e+00   0.0000000e+00
   6.0416667e-01   1.0000000e+00   1.0000000e+00   5.6603774e-02   2.4657534e-01   0.0000000e+00   0.0000000e+00   6.4885496e-01   0.0000000e+00   1.6129032e-02   0.0000000e+00   3.3333333e-01   1.0000000e+00   1.0000000e+00
   7.2916667e-01   0.0000000e+00   6.6666667e-01   4.3396226e-01   4.2694064e-01   0.0000000e+00   0.0000000e+00   4.7328244e-01   0.0000000e+00   3.2258065e-02   0.0000000e+00   0.0000000e+00   1.0000000e+00   0.0000000e+00
   4.3750000e-01   0.0000000e+00   3.3333333e-01   2.4528302e-01   2.6940639e-01   0.0000000e+00   0.0000000e+00   6.9465649e-01   0.0000000e+00   1.7741935e-01   0.0000000e+00   0.0000000e+00   0.0000000e+00   0.0000000e+00
   3.1250000e-01   0.0000000e+00   6.6666667e-01   1.3207547e-01   3.4246575e-02   0.0000000e+00   0.0000000e+00   7.9389313e-01   0.0000000e+00   9.6774194e-02   5.0000000e-01   0.0000000e+00   0.0000000e+00   0.0000000e+00
   7.9166667e-01   1.0000000e+00   1.0000000e+00   2.4528302e-01   2.5342466e-01   0.0000000e+00   0.0000000e+00   0.0000000e+00   0.0000000e+00   1.6129032e-01   5.0000000e-01   0.0000000e+00   0.0000000e+00   1.0000000e+00
   4.1666667e-01   0.0000000e+00   1.0000000e+00   3.3962264e-01   3.2648402e-01   0.0000000e+00   0.0000000e+00   7.0229008e-01   0.0000000e+00   0.0000000e+00   0.0000000e+00   0.0000000e+00   0.0000000e+00   0.0000000e+00
   5.8333333e-01   1.0000000e+00   1.0000000e+00   6.6981132e-01   3.7214612e-01   1.0000000e+00   1.0000000e+00   4.0458015e-01   0.0000000e+00   1.6129032e-01   5.0000000e-01   1.0000000e+00   1.0000000e+00   1.0000000e+00
   7.0833333e-01   1.0000000e+00   1.0000000e+00   3.3962264e-01   2.9223744e-01   0.0000000e+00   1.0000000e+00   5.8015267e-01   0.0000000e+00   2.2580645e-01   5.0000000e-01   3.3333333e-01   1.0000000e+00   1.0000000e+00
   3.9583333e-01   1.0000000e+00   1.0000000e+00   2.8301887e-01   3.3789954e-01   0.0000000e+00   1.0000000e+00   7.2519084e-01   0.0000000e+00   8.0645161e-02   5.0000000e-01   0.0000000e+00   1.0000000e+00   1.0000000e+00
   4.5833333e-01   1.0000000e+00   6.6666667e-01   5.6603774e-02   2.1917808e-01   0.0000000e+00   0.0000000e+00   5.4961832e-01   1.0000000e+00   1.9354839e-01   5.0000000e-01   0.0000000e+00   0.0000000e+00   0.0000000e+00
   6.4583333e-01   0.0000000e+00   1.0000000e+00   5.2830189e-01   3.0136986e-01   0.0000000e+00   1.0000000e+00   6.5648855e-01   0.0000000e+00   4.1935484e-01   5.0000000e-01   6.6666667e-01   1.0000000e+00   1.0000000e+00
   6.2500000e-01   1.0000000e+00   1.0000000e+00   4.3396226e-01   1.1643836e-01   0.0000000e+00   0.0000000e+00   6.9465649e-01   1.0000000e+00   0.0000000e+00   0.0000000e+00   3.3333333e-01   1.0000000e+00   1.0000000e+00
   3.3333333e-01   0.0000000e+00   3.3333333e-01   1.6981132e-01   7.7625571e-02   0.0000000e+00   0.0000000e+00   5.1145038e-01   0.0000000e+00   0.0000000e+00   5.0000000e-01   0.0000000e+00   0.0000000e+00   0.0000000e+00
   5.4166667e-01   0.0000000e+00   1.0000000e+00   8.1132075e-01   4.5890411e-01   0.0000000e+00   5.0000000e-01   3.5114504e-01   1.0000000e+00   5.4838710e-01   5.0000000e-01   0.0000000e+00   0.0000000e+00   1.0000000e+00
   2.5000000e-01   1.0000000e+00   3.3333333e-01   1.5094340e-01   2.4885845e-01   0.0000000e+00   0.0000000e+00   6.2595420e-01   0.0000000e+00   0.0000000e+00   0.0000000e+00   0.0000000e+00   0.0000000e+00   0.0000000e+00
   6.4583333e-01   0.0000000e+00   1.0000000e+00   6.0377358e-01   4.0867580e-01   0.0000000e+00   1.0000000e+00   6.8702290e-01   0.0000000e+00   0.0000000e+00   0.0000000e+00   0.0000000e+00   0.0000000e+00   1.0000000e+00
   5.2083333e-01   0.0000000e+00   6.6666667e-01   3.8679245e-01   4.0639269e-01   1.0000000e+00   0.0000000e+00   7.5572519e-01   0.0000000e+00   0.0000000e+00   0.0000000e+00   0.0000000e+00   0.0000000e+00   0.0000000e+00
   2.7083333e-01   1.0000000e+00   3.3333333e-01   2.4528302e-01   3.8584475e-01   0.0000000e+00   0.0000000e+00   6.9465649e-01   0.0000000e+00   0.0000000e+00   0.0000000e+00   0.0000000e+00   0.0000000e+00   0.0000000e+00
   4.1666667e-01   0.0000000e+00   3.3333333e-01   3.7735849e-01   3.3105023e-01   0.0000000e+00   0.0000000e+00   6.9465649e-01   0.0000000e+00   0.0000000e+00   5.0000000e-01   0.0000000e+00   0.0000000e+00   0.0000000e+00
   3.5416667e-01   1.0000000e+00   1.0000000e+00   2.4528302e-01   2.8082192e-01   0.0000000e+00   1.0000000e+00   5.5725191e-01   0.0000000e+00   1.2903226e-01   0.0000000e+00   0.0000000e+00   1.0000000e+00   1.0000000e+00
   5.6250000e-01   0.0000000e+00   1.0000000e+00   1.0000000e+00   3.6986301e-01   1.0000000e+00   1.0000000e+00   4.7328244e-01   1.0000000e+00   6.4516129e-01   1.0000000e+00   6.6666667e-01   1.0000000e+00   1.0000000e+00
   7.7083333e-01   0.0000000e+00   0.0000000e+00   5.2830189e-01   2.2831050e-01   0.0000000e+00   0.0000000e+00   3.2824427e-01   0.0000000e+00   4.1935484e-01   1.0000000e+00   0.0000000e+00   0.0000000e+00   0.0000000e+00
   5.6250000e-01   1.0000000e+00   1.0000000e+00   3.3962264e-01   3.5844749e-01   1.0000000e+00   1.0000000e+00   2.4427481e-01   1.0000000e+00   2.5806452e-01   1.0000000e+00   0.0000000e+00   1.0000000e+00   1.0000000e+00
   4.1666667e-01   1.0000000e+00   6.6666667e-01   2.4528302e-01   1.4155251e-01   0.0000000e+00   0.0000000e+00   5.1908397e-01   0.0000000e+00   3.2258065e-01   5.0000000e-01   1.0000000e+00   1.0000000e+00   1.0000000e+00
   5.2083333e-01   1.0000000e+00   1.0000000e+00   2.6415094e-01   3.6529680e-01   0.0000000e+00   1.0000000e+00   3.4351145e-01   1.0000000e+00   5.1612903e-01   5.0000000e-01   6.6666667e-01   0.0000000e+00   1.0000000e+00
   5.8333333e-01   1.0000000e+00   1.0000000e+00   5.4716981e-01   3.3789954e-01   0.0000000e+00   0.0000000e+00   1.2977099e-01   1.0000000e+00   1.9354839e-01   5.0000000e-01   3.3333333e-01   1.0000000e+00   1.0000000e+00
   7.5000000e-01   0.0000000e+00   6.6666667e-01   6.2264151e-01   5.3424658e-01   0.0000000e+00   1.0000000e+00   6.1068702e-01   0.0000000e+00   1.2903226e-01   0.0000000e+00   0.0000000e+00   0.0000000e+00   0.0000000e+00
   5.2083333e-01   1.0000000e+00   6.6666667e-01   2.9245283e-01   3.3561644e-01   0.0000000e+00   1.0000000e+00   6.1832061e-01   0.0000000e+00   8.0645161e-02   1.0000000e+00   3.3333333e-01   0.0000000e+00   0.0000000e+00
   5.2083333e-01   0.0000000e+00   6.6666667e-01   6.2264151e-01   1.7123288e-01   0.0000000e+00   0.0000000e+00   7.0229008e-01   0.0000000e+00   0.0000000e+00   0.0000000e+00   3.3333333e-01   0.0000000e+00   0.0000000e+00
   6.8750000e-01   1.0000000e+00   1.0000000e+00   2.4528302e-01   3.2191781e-01   0.0000000e+00   0.0000000e+00   2.1374046e-01   1.0000000e+00   2.9032258e-01   5.0000000e-01   6.6666667e-01   1.0000000e+00   1.0000000e+00
   4.7916667e-01   0.0000000e+00   6.6666667e-01   3.9622642e-01   1.5981735e-01   0.0000000e+00   1.0000000e+00   7.4809160e-01   0.0000000e+00   1.6129032e-02   5.0000000e-01   0.0000000e+00   0.0000000e+00   0.0000000e+00
   4.7916667e-01   1.0000000e+00   3.3333333e-01   3.7735849e-01   1.7123288e-01   0.0000000e+00   0.0000000e+00   6.6412214e-01   0.0000000e+00   1.2903226e-01   0.0000000e+00   3.3333333e-01   0.0000000e+00   0.0000000e+00
   6.4583333e-01   1.0000000e+00   1.0000000e+00   2.1698113e-01   2.3744292e-01   1.0000000e+00   0.0000000e+00   6.7938931e-01   1.0000000e+00   2.2580645e-01   0.0000000e+00   6.6666667e-01   1.0000000e+00   1.0000000e+00
   7.0833333e-01   0.0000000e+00   1.0000000e+00   1.3207547e-01   3.2648402e-01   0.0000000e+00   0.0000000e+00   7.4809160e-01   1.0000000e+00   2.9032258e-01   5.0000000e-01   6.6666667e-01   0.0000000e+00   1.0000000e+00
   7.7083333e-01   1.0000000e+00   1.0000000e+00   1.6981132e-01   1.9634703e-01   0.0000000e+00   1.0000000e+00   4.6564885e-01   1.0000000e+00   1.6129032e-02   0.0000000e+00   3.3333333e-01   0.0000000e+00   1.0000000e+00
   2.7083333e-01   1.0000000e+00   1.0000000e+00   4.3396226e-01   2.2831050e-01   0.0000000e+00   0.0000000e+00   8.1679389e-01   0.0000000e+00   0.0000000e+00   0.0000000e+00   0.0000000e+00   0.0000000e+00   0.0000000e+00
   7.2916667e-01   1.0000000e+00   1.0000000e+00   2.4528302e-01   2.7397260e-01   0.0000000e+00   1.0000000e+00   1.9083969e-01   1.0000000e+00   3.5483871e-01   1.0000000e+00   3.3333333e-01   0.0000000e+00   1.0000000e+00
   5.2083333e-01   1.0000000e+00   6.6666667e-01   5.2830189e-01   2.4200913e-01   0.0000000e+00   1.0000000e+00   7.1755725e-01   0.0000000e+00   2.5806452e-01   0.0000000e+00   0.0000000e+00   1.0000000e+00   0.0000000e+00
   3.5416667e-01   0.0000000e+00   6.6666667e-01   4.5283019e-01   1.1643836e-01   0.0000000e+00   1.0000000e+00   6.7938931e-01   1.0000000e+00   2.2580645e-01   1.0000000e+00   0.0000000e+00   0.0000000e+00   0.0000000e+00
   7.9166667e-01   0.0000000e+00   6.6666667e-01   5.4716981e-01   3.4474886e-01   0.0000000e+00   0.0000000e+00   7.7099237e-01   0.0000000e+00   0.0000000e+00   0.0000000e+00   3.3333333e-01   0.0000000e+00   0.0000000e+00
   5.6250000e-01   1.0000000e+00   1.0000000e+00   2.9245283e-01   2.8082192e-01   1.0000000e+00   1.0000000e+00   5.5725191e-01   1.0000000e+00   1.9354839e-01   5.0000000e-01   3.3333333e-01   0.0000000e+00   1.0000000e+00
   1.0416667e-01   0.0000000e+00   3.3333333e-01   2.2641509e-01   1.9178082e-01   0.0000000e+00   0.0000000e+00   9.2366412e-01   0.0000000e+00   1.1290323e-01   0.0000000e+00   0.0000000e+00   0.0000000e+00   0.0000000e+00
   5.8333333e-01   1.0000000e+00   1.0000000e+00   3.5849057e-01   1.8493151e-01   0.0000000e+00   0.0000000e+00   7.4045802e-01   1.0000000e+00   0.0000000e+00   0.0000000e+00   0.0000000e+00   1.0000000e+00   0.0000000e+00
   7.2916667e-01   1.0000000e+00   1.0000000e+00   4.8113208e-01   1.9634703e-01   0.0000000e+00   1.0000000e+00   4.6564885e-01   0.0000000e+00   3.2258065e-01   5.0000000e-01   6.6666667e-01   7.5000000e-01   1.0000000e+00
   6.2500000e-01   1.0000000e+00   1.0000000e+00   4.1509434e-01   3.3105023e-01   0.0000000e+00   1.0000000e+00   8.4732824e-01   0.0000000e+00   0.0000000e+00   0.0000000e+00   0.0000000e+00   0.0000000e+00   0.0000000e+00
   4.3750000e-01   1.0000000e+00   6.6666667e-01   4.3396226e-01   2.4429224e-01   0.0000000e+00   0.0000000e+00   7.0229008e-01   0.0000000e+00   9.6774194e-02   5.0000000e-01   3.3333333e-01   1.0000000e+00   1.0000000e+00
   4.5833333e-01   1.0000000e+00   0.0000000e+00   2.9245283e-01   1.9863014e-01   0.0000000e+00   1.0000000e+00   4.1221374e-01   1.0000000e+00   2.2580645e-01   0.0000000e+00   3.3333333e-01   0.0000000e+00   0.0000000e+00
   5.2083333e-01   1.0000000e+00   3.3333333e-01   9.2452830e-01   3.5844749e-01   0.0000000e+00   1.0000000e+00   9.4656489e-01   0.0000000e+00   0.0000000e+00   0.0000000e+00   3.3333333e-01   1.0000000e+00   1.0000000e+00
   5.0000000e-01   1.0000000e+00   1.0000000e+00   2.7358491e-01   3.5616438e-01   0.0000000e+00   0.0000000e+00   1.8320611e-01   1.0000000e+00   3.2258065e-01   5.0000000e-01   6.6666667e-01   1.0000000e+00   1.0000000e+00
   4.7916667e-01   1.0000000e+00   1.0000000e+00   1.6981132e-01   2.3744292e-01   0.0000000e+00   0.0000000e+00   6.7938931e-01   0.0000000e+00   0.0000000e+00   0.0000000e+00   3.3333333e-01   0.0000000e+00   1.0000000e+00
   2.2916667e-01   1.0000000e+00   1.0000000e+00   1.5094340e-01   9.3607306e-02   0.0000000e+00   1.0000000e+00   3.2824427e-01   1.0000000e+00   3.2258065e-01   5.0000000e-01   0.0000000e+00   1.0000000e+00   1.0000000e+00
   6.0416667e-01   1.0000000e+00   6.6666667e-01   3.5849057e-01   2.2374429e-01   0.0000000e+00   1.0000000e+00   7.7862595e-01   0.0000000e+00   5.1612903e-01   0.0000000e+00   6.6666667e-01   1.0000000e+00   1.0000000e+00
   2.5000000e-01   0.0000000e+00   6.6666667e-01   1.6981132e-01   3.2420091e-01   0.0000000e+00   1.0000000e+00   7.7099237e-01   1.0000000e+00   0.0000000e+00   0.0000000e+00   0.0000000e+00   0.0000000e+00   0.0000000e+00
   2.5000000e-01   1.0000000e+00   6.6666667e-01   1.6981132e-01   2.8310502e-01   0.0000000e+00   0.0000000e+00   8.2442748e-01   0.0000000e+00   0.0000000e+00   0.0000000e+00   0.0000000e+00   0.0000000e+00   0.0000000e+00
   4.3750000e-01   0.0000000e+00   6.6666667e-01   2.4528302e-01   2.1232877e-01   0.0000000e+00   0.0000000e+00   6.6412214e-01   0.0000000e+00   2.5806452e-01   5.0000000e-01   0.0000000e+00   0.0000000e+00   0.0000000e+00
   5.2083333e-01   0.0000000e+00   6.6666667e-01   1.3207547e-01   3.2191781e-01   0.0000000e+00   1.0000000e+00   7.3282443e-01   0.0000000e+00   0.0000000e+00   0.0000000e+00   0.0000000e+00   0.0000000e+00   0.0000000e+00
   7.2916667e-01   0.0000000e+00   1.0000000e+00   3.3962264e-01   4.0410959e-01   0.0000000e+00   0.0000000e+00   3.8931298e-01   0.0000000e+00   3.2258065e-01   5.0000000e-01   6.6666667e-01   0.0000000e+00   0.0000000e+00
   4.5833333e-01   0.0000000e+00   6.6666667e-01   3.3962264e-01   2.9680365e-01   0.0000000e+00   1.0000000e+00   5.9541985e-01   0.0000000e+00   8.0645161e-02   0.0000000e+00   0.0000000e+00   0.0000000e+00   0.0000000e+00
   3.5416667e-01   0.0000000e+00   3.3333333e-01   1.0377358e-01   1.7808219e-01   0.0000000e+00   0.0000000e+00   7.7099237e-01   0.0000000e+00   0.0000000e+00   0.0000000e+00   0.0000000e+00   0.0000000e+00   0.0000000e+00
   5.4166667e-01   1.0000000e+00   1.0000000e+00   4.3396226e-01   2.0776256e-01   0.0000000e+00   0.0000000e+00   3.0534351e-01   1.0000000e+00   9.0322581e-01   1.0000000e+00   0.0000000e+00   1.0000000e+00   1.0000000e+00
   3.3333333e-01   1.0000000e+00   3.3333333e-01   3.2075472e-01   4.1552511e-01   0.0000000e+00   1.0000000e+00   7.5572519e-01   0.0000000e+00   0.0000000e+00   0.0000000e+00   0.0000000e+00   0.0000000e+00   0.0000000e+00
   5.6250000e-01   1.0000000e+00   0.0000000e+00   2.4528302e-01   1.5296804e-01   0.0000000e+00   1.0000000e+00   6.9465649e-01   0.0000000e+00   3.0645161e-01   5.0000000e-01   0.0000000e+00   1.0000000e+00   0.0000000e+00
   7.7083333e-01   0.0000000e+00   1.0000000e+00   7.9245283e-01   2.3287671e-01   1.0000000e+00   0.0000000e+00   7.1755725e-01   1.0000000e+00   1.6129032e-01   5.0000000e-01   6.6666667e-01   1.0000000e+00   1.0000000e+00
   1.8750000e-01   1.0000000e+00   0.0000000e+00   2.4528302e-01   2.3972603e-01   0.0000000e+00   0.0000000e+00   8.4732824e-01   1.0000000e+00   6.1290323e-01   5.0000000e-01   0.0000000e+00   1.0000000e+00   1.0000000e+00
   6.8750000e-01   0.0000000e+00   1.0000000e+00   5.2830189e-01   2.6940639e-01   0.0000000e+00   0.0000000e+00   6.3358779e-01   1.0000000e+00   2.2580645e-01   5.0000000e-01   0.0000000e+00   0.0000000e+00   1.0000000e+00
   5.4166667e-01   1.0000000e+00   3.3333333e-01   3.3962264e-01   3.1050228e-01   0.0000000e+00   0.0000000e+00   6.4122137e-01   0.0000000e+00   0.0000000e+00   0.0000000e+00   0.0000000e+00   0.0000000e+00   0.0000000e+00
   6.0416667e-01   1.0000000e+00   1.0000000e+00   3.2075472e-01   3.0365297e-01   0.0000000e+00   1.0000000e+00   4.5038168e-01   1.0000000e+00   4.8387097e-01   5.0000000e-01   6.6666667e-01   1.0000000e+00   1.0000000e+00
   2.9166667e-01   1.0000000e+00   1.0000000e+00   1.5094340e-01   1.9406393e-01   0.0000000e+00   0.0000000e+00   6.8702290e-01   0.0000000e+00   0.0000000e+00   0.0000000e+00   0.0000000e+00   1.0000000e+00   0.0000000e+00
   7.2916667e-01   0.0000000e+00   1.0000000e+00   8.1132075e-01   4.5433790e-01   0.0000000e+00   0.0000000e+00   6.3358779e-01   1.0000000e+00   0.0000000e+00   0.0000000e+00   0.0000000e+00   0.0000000e+00   0.0000000e+00
   4.3750000e-01   0.0000000e+00   1.0000000e+00   1.5094340e-01   2.9223744e-01   0.0000000e+00   1.0000000e+00   6.7175573e-01   0.0000000e+00   0.0000000e+00   0.0000000e+00   0.0000000e+00   0.0000000e+00   0.0000000e+00
   5.0000000e-01   1.0000000e+00   6.6666667e-01   3.3962264e-01   1.6210046e-01   1.0000000e+00   1.0000000e+00   6.1832061e-01   0.0000000e+00   1.9354839e-01   1.0000000e+00   0.0000000e+00   0.0000000e+00   0.0000000e+00
   3.3333333e-01   0.0000000e+00   1.0000000e+00   4.1509434e-01   2.5114155e-01   0.0000000e+00   1.0000000e+00   6.1832061e-01   1.0000000e+00   3.2258065e-02   5.0000000e-01   0.0000000e+00   0.0000000e+00   0.0000000e+00
   7.5000000e-01   1.0000000e+00   0.0000000e+00   4.1509434e-01   3.5616438e-01   1.0000000e+00   1.0000000e+00   7.8625954e-01   0.0000000e+00   2.2580645e-01   5.0000000e-01   3.3333333e-01   0.0000000e+00   1.0000000e+00
   8.3333333e-01   1.0000000e+00   0.0000000e+00   6.2264151e-01   2.4657534e-01   1.0000000e+00   1.0000000e+00   4.5801527e-01   0.0000000e+00   1.6129032e-02   5.0000000e-01   3.3333333e-01   0.0000000e+00   0.0000000e+00
   8.3333333e-01   1.0000000e+00   6.6666667e-01   4.3396226e-01   2.9223744e-01   0.0000000e+00   1.0000000e+00   5.7251908e-01   0.0000000e+00   3.2258065e-01   5.0000000e-01   1.0000000e+00   1.0000000e+00   1.0000000e+00
   7.9166667e-01   1.0000000e+00   1.0000000e+00   5.6603774e-02   3.9497717e-01   0.0000000e+00   1.0000000e+00   4.1221374e-01   1.0000000e+00   1.4516129e-01   5.0000000e-01   6.6666667e-01   0.0000000e+00   1.0000000e+00
   8.1250000e-01   0.0000000e+00   6.6666667e-01   2.4528302e-01   1.9406393e-01   0.0000000e+00   1.0000000e+00   3.3587786e-01   0.0000000e+00   2.4193548e-01   5.0000000e-01   0.0000000e+00   0.0000000e+00   0.0000000e+00
   1.0416667e-01   1.0000000e+00   0.0000000e+00   2.2641509e-01   1.2785388e-01   0.0000000e+00   1.0000000e+00   7.8625954e-01   0.0000000e+00   0.0000000e+00   0.0000000e+00   0.0000000e+00   0.0000000e+00   0.0000000e+00
   6.8750000e-01   0.0000000e+00   1.0000000e+00   4.1509434e-01   3.8356164e-01   1.0000000e+00   0.0000000e+00   2.6717557e-01   0.0000000e+00   3.0645161e-01   5.0000000e-01   1.0000000e+00   0.0000000e+00   1.0000000e+00
   4.5833333e-01   1.0000000e+00   1.0000000e+00   4.3396226e-01   3.9269406e-01   0.0000000e+00   0.0000000e+00   3.8931298e-01   1.0000000e+00   6.7741935e-01   5.0000000e-01   1.0000000e+00   1.0000000e+00   1.0000000e+00
   3.5416667e-01   1.0000000e+00   6.6666667e-01   5.2830189e-01   2.3972603e-01   0.0000000e+00   0.0000000e+00   5.8015267e-01   0.0000000e+00   5.8064516e-01   5.0000000e-01   0.0000000e+00   0.0000000e+00   1.0000000e+00
   7.9166667e-01   1.0000000e+00   1.0000000e+00   2.9245283e-01   2.9223744e-01   1.0000000e+00   0.0000000e+00   7.0229008e-01   0.0000000e+00   3.2258065e-02   5.0000000e-01   6.6666667e-01   1.0000000e+00   1.0000000e+00
   4.3750000e-01   1.0000000e+00   6.6666667e-01   3.3018868e-01   1.5981735e-01   0.0000000e+00   0.0000000e+00   7.0229008e-01   0.0000000e+00   0.0000000e+00   0.0000000e+00   0.0000000e+00   0.0000000e+00   0.0000000e+00
   2.7083333e-01   1.0000000e+00   6.6666667e-01   2.4528302e-01   2.6027397e-01   1.0000000e+00   0.0000000e+00   9.3893130e-01   0.0000000e+00   1.2903226e-01   1.0000000e+00   0.0000000e+00   1.0000000e+00   0.0000000e+00
   5.6250000e-01   0.0000000e+00   1.0000000e+00   3.7735849e-01   6.4611872e-01   0.0000000e+00   1.0000000e+00   6.0305344e-01   1.0000000e+00   3.0645161e-01   5.0000000e-01   6.6666667e-01   1.0000000e+00   1.0000000e+00
   2.5000000e-01   1.0000000e+00   1.0000000e+00   1.5094340e-01   1.0502283e-01   0.0000000e+00   1.0000000e+00   6.6412214e-01   0.0000000e+00   0.0000000e+00   0.0000000e+00   0.0000000e+00   1.0000000e+00   1.0000000e+00
   2.7083333e-01   0.0000000e+00   1.0000000e+00   7.5471698e-02   3.1735160e-01   0.0000000e+00   1.0000000e+00   3.8931298e-01   0.0000000e+00   9.6774194e-02   5.0000000e-01   0.0000000e+00   0.0000000e+00   0.0000000e+00
   5.0000000e-01   1.0000000e+00   6.6666667e-01   3.3962264e-01   2.7397260e-01   1.0000000e+00   1.0000000e+00   7.7862595e-01   0.0000000e+00   0.0000000e+00   0.0000000e+00   1.0000000e+00   0.0000000e+00   0.0000000e+00
   2.9166667e-01   1.0000000e+00   6.6666667e-01   3.3962264e-01   4.3150685e-01   0.0000000e+00   0.0000000e+00   6.9465649e-01   0.0000000e+00   3.0645161e-01   0.0000000e+00   3.3333333e-01   0.0000000e+00   0.0000000e+00
   5.6250000e-01   1.0000000e+00   1.0000000e+00   3.5849057e-01   1.3242009e-01   0.0000000e+00   1.0000000e+00   2.5954198e-01   1.0000000e+00   3.3870968e-01   5.0000000e-01   3.3333333e-01   7.5000000e-01   1.0000000e+00
   4.7916667e-01   1.0000000e+00   1.0000000e+00   1.3207547e-01   2.4429224e-01   1.0000000e+00   0.0000000e+00   5.8015267e-01   0.0000000e+00   1.6129032e-02   0.0000000e+00   1.0000000e+00   1.0000000e+00   0.0000000e+00
   6.8750000e-01   0.0000000e+00   1.0000000e+00   4.3396226e-01   6.1187215e-01   0.0000000e+00   1.0000000e+00   6.5648855e-01   0.0000000e+00   1.9354839e-01   5.0000000e-01   0.0000000e+00   0.0000000e+00   0.0000000e+00
   8.5416667e-01   1.0000000e+00   6.6666667e-01   6.2264151e-01   3.2648402e-01   0.0000000e+00   0.0000000e+00   3.1297710e-01   1.0000000e+00   4.6774194e-01   5.0000000e-01   3.3333333e-01   1.0000000e+00   1.0000000e+00
   5.2083333e-01   1.0000000e+00   1.0000000e+00   4.3396226e-01   2.5799087e-01   0.0000000e+00   0.0000000e+00   6.7938931e-01   0.0000000e+00   1.9354839e-01   0.0000000e+00   0.0000000e+00   0.0000000e+00   0.0000000e+00
   8.5416667e-01   1.0000000e+00   1.0000000e+00   4.8113208e-01   1.0958904e-01   0.0000000e+00   0.0000000e+00   4.1221374e-01   1.0000000e+00   4.1935484e-01   1.0000000e+00   0.0000000e+00   1.0000000e+00   1.0000000e+00
   5.2083333e-01   1.0000000e+00   3.3333333e-01   1.3207547e-01   4.1780822e-01   0.0000000e+00   0.0000000e+00   6.4885496e-01   0.0000000e+00   0.0000000e+00   0.0000000e+00   0.0000000e+00   1.0000000e+00   0.0000000e+00
   1.2500000e-01   1.0000000e+00   1.0000000e+00   3.0188679e-01   3.5616438e-01   0.0000000e+00   1.0000000e+00   6.4885496e-01   1.0000000e+00   0.0000000e+00   0.0000000e+00   0.0000000e+00   1.0000000e+00   1.0000000e+00
   3.9583333e-01   1.0000000e+00   6.6666667e-01   2.8301887e-01   2.9452055e-01   1.0000000e+00   0.0000000e+00   7.9389313e-01   0.0000000e+00   0.0000000e+00   0.0000000e+00   6.6666667e-01   0.0000000e+00   0.0000000e+00
   5.4166667e-01   0.0000000e+00   3.3333333e-01   3.8679245e-01   2.8310502e-01   0.0000000e+00   1.0000000e+00   6.8702290e-01   0.0000000e+00   2.2580645e-01   5.0000000e-01   0.0000000e+00   0.0000000e+00   0.0000000e+00
   6.0416667e-01   0.0000000e+00   1.0000000e+00   5.6603774e-02   2.7853881e-01   0.0000000e+00   1.0000000e+00   3.8931298e-01   0.0000000e+00   1.6129032e-01   5.0000000e-01   0.0000000e+00   0.0000000e+00   0.0000000e+00
   5.2083333e-01   0.0000000e+00   6.6666667e-01   1.5094340e-01   2.0091324e-01   0.0000000e+00   0.0000000e+00   6.6412214e-01   0.0000000e+00   2.5806452e-01   5.0000000e-01   0.0000000e+00   0.0000000e+00   0.0000000e+00
   8.3333333e-01   0.0000000e+00   0.0000000e+00   4.3396226e-01   2.5799087e-01   0.0000000e+00   0.0000000e+00   6.1068702e-01   0.0000000e+00   2.9032258e-01   0.0000000e+00   6.6666667e-01   0.0000000e+00   0.0000000e+00
   1.0000000e+00   1.0000000e+00   1.0000000e+00   2.9245283e-01   4.0639269e-01   0.0000000e+00   1.0000000e+00   6.9465649e-01   1.0000000e+00   0.0000000e+00   0.0000000e+00   1.0000000e+00   0.0000000e+00   1.0000000e+00
   8.1250000e-01   1.0000000e+00   6.6666667e-01   2.2641509e-01   3.4474886e-01   0.0000000e+00   0.0000000e+00   6.1068702e-01   0.0000000e+00   1.6129032e-01   0.0000000e+00   3.3333333e-01   1.0000000e+00   0.0000000e+00
   6.0416667e-01   1.0000000e+00   1.0000000e+00   2.9245283e-01   3.9726027e-01   0.0000000e+00   1.0000000e+00   7.6335878e-01   0.0000000e+00   0.0000000e+00   0.0000000e+00   6.6666667e-01   1.0000000e+00   1.0000000e+00
   6.4583333e-01   1.0000000e+00   1.0000000e+00   2.9245283e-01   3.0136986e-01   0.0000000e+00   1.0000000e+00   5.3435115e-01   1.0000000e+00   4.5161290e-01   5.0000000e-01   3.3333333e-01   1.0000000e+00   1.0000000e+00
   4.5833333e-01   1.0000000e+00   1.0000000e+00   4.3396226e-01   3.9497717e-01   0.0000000e+00   0.0000000e+00   7.7862595e-01   1.0000000e+00   2.5806452e-01   0.0000000e+00   0.0000000e+00   1.0000000e+00   1.0000000e+00
   5.4166667e-01   1.0000000e+00   1.0000000e+00   6.2264151e-01   3.7214612e-01   0.0000000e+00   1.0000000e+00   5.6488550e-01   1.0000000e+00   1.2903226e-01   5.0000000e-01   3.3333333e-01   1.0000000e+00   1.0000000e+00
   4.7916667e-01   1.0000000e+00   0.0000000e+00   5.4716981e-01   3.9269406e-01   1.0000000e+00   0.0000000e+00   8.1679389e-01   0.0000000e+00   1.9354839e-01   5.0000000e-01   0.0000000e+00   1.0000000e+00   0.0000000e+00
   6.4583333e-01   0.0000000e+00   6.6666667e-01   7.5471698e-02   4.3835616e-01   0.0000000e+00   0.0000000e+00   6.7938931e-01   0.0000000e+00   0.0000000e+00   0.0000000e+00   3.3333333e-01   0.0000000e+00   0.0000000e+00
   6.0416667e-01   1.0000000e+00   6.6666667e-01   1.0377358e-01   2.6027397e-01   0.0000000e+00   1.0000000e+00   6.3358779e-01   1.0000000e+00   9.6774194e-02   5.0000000e-01   0.0000000e+00   1.0000000e+00   0.0000000e+00
   7.2916667e-01   1.0000000e+00   6.6666667e-01   2.9245283e-01   4.1780822e-01   0.0000000e+00   0.0000000e+00   4.5801527e-01   1.0000000e+00   2.9032258e-01   5.0000000e-01   0.0000000e+00   1.0000000e+00   1.0000000e+00
   1.6666667e-01   1.0000000e+00   6.6666667e-01   3.3962264e-01   2.8310502e-01   0.0000000e+00   0.0000000e+00   8.8549618e-01   0.0000000e+00   5.6451613e-01   1.0000000e+00   0.0000000e+00   0.0000000e+00   0.0000000e+00
   6.2500000e-01   1.0000000e+00   0.0000000e+00   7.1698113e-01   3.6986301e-01   0.0000000e+00   1.0000000e+00   6.7175573e-01   0.0000000e+00   3.2258065e-02   5.0000000e-01   0.0000000e+00   1.0000000e+00   1.0000000e+00
   4.5833333e-01   1.0000000e+00   6.6666667e-01   2.9245283e-01   2.7168950e-01   1.0000000e+00   1.0000000e+00   7.2519084e-01   0.0000000e+00   3.8709677e-01   5.0000000e-01   0.0000000e+00   0.0000000e+00   0.0000000e+00
   2.9166667e-01   0.0000000e+00   6.6666667e-01   2.6415094e-01   1.9863014e-01   0.0000000e+00   0.0000000e+00   7.1755725e-01   0.0000000e+00   3.2258065e-02   5.0000000e-01   0.0000000e+00   0.0000000e+00   0.0000000e+00
   6.0416667e-01   1.0000000e+00   1.0000000e+00   3.2075472e-01   2.0547945e-01   0.0000000e+00   1.0000000e+00   4.5801527e-01   1.0000000e+00   3.5483871e-01   5.0000000e-01   1.0000000e+00   1.0000000e+00   1.0000000e+00
   0.0000000e+00   1.0000000e+00   3.3333333e-01   3.3962264e-01   1.7808219e-01   0.0000000e+00   1.0000000e+00   1.0000000e+00   0.0000000e+00   0.0000000e+00   0.0000000e+00   0.0000000e+00   0.0000000e+00   0.0000000e+00
   2.5000000e-01   0.0000000e+00   3.3333333e-01   3.3962264e-01   1.7808219e-01   0.0000000e+00   1.0000000e+00   7.7099237e-01   0.0000000e+00   2.2580645e-01   0.0000000e+00   0.0000000e+00   0.0000000e+00   0.0000000e+00
   7.0833333e-01   0.0000000e+00   6.6666667e-01   3.8679245e-01   2.8767123e-01   0.0000000e+00   1.0000000e+00   7.7099237e-01   0.0000000e+00   0.0000000e+00   0.0000000e+00   0.0000000e+00   0.0000000e+00   0.0000000e+00
   4.5833333e-01   1.0000000e+00   6.6666667e-01   0.0000000e+00   2.3059361e-01   0.0000000e+00   0.0000000e+00   6.3358779e-01   1.0000000e+00   0.0000000e+00   0.0000000e+00   3.3333333e-01   1.0000000e+00   0.0000000e+00
   5.2083333e-01   1.0000000e+00   6.6666667e-01   2.4528302e-01   3.0136986e-01   0.0000000e+00   1.0000000e+00   5.8015267e-01   0.0000000e+00   6.4516129e-02   5.0000000e-01   0.0000000e+00   1.0000000e+00   0.0000000e+00
   3.1250000e-01   1.0000000e+00   3.3333333e-01   2.4528302e-01   2.1461187e-01   0.0000000e+00   0.0000000e+00   7.5572519e-01   0.0000000e+00   0.0000000e+00   0.0000000e+00   0.0000000e+00   0.0000000e+00   0.0000000e+00
   5.2083333e-01   1.0000000e+00   1.0000000e+00   1.5094340e-01   2.5799087e-01   0.0000000e+00   0.0000000e+00   4.1984733e-01   1.0000000e+00   4.5161290e-01   5.0000000e-01   3.3333333e-01   1.0000000e+00   1.0000000e+00
   7.5000000e-01   1.0000000e+00   1.0000000e+00   3.8679245e-01   2.9223744e-01   0.0000000e+00   1.0000000e+00   4.2748092e-01   0.0000000e+00   4.5161290e-01   5.0000000e-01   3.3333333e-01   1.0000000e+00   1.0000000e+00
   5.8333333e-01   1.0000000e+00   6.6666667e-01   5.2830189e-01   9.5890411e-02   0.0000000e+00   0.0000000e+00   7.8625954e-01   0.0000000e+00   2.5806452e-01   0.0000000e+00   0.0000000e+00   0.0000000e+00   0.0000000e+00
   7.0833333e-01   1.0000000e+00   1.0000000e+00   3.3962264e-01   4.6575342e-01   1.0000000e+00   1.0000000e+00   4.6564885e-01   1.0000000e+00   2.9032258e-01   0.0000000e+00   1.0000000e+00   1.0000000e+00   1.0000000e+00
   1.2500000e-01   0.0000000e+00   1.0000000e+00   4.1509434e-01   1.3013699e-01   0.0000000e+00   0.0000000e+00   8.4732824e-01   0.0000000e+00   2.2580645e-01   0.0000000e+00   0.0000000e+00   0.0000000e+00   0.0000000e+00
   2.5000000e-01   1.0000000e+00   3.3333333e-01   3.8679245e-01   1.7579909e-01   0.0000000e+00   0.0000000e+00   4.6564885e-01   0.0000000e+00   0.0000000e+00   5.0000000e-01   0.0000000e+00   7.5000000e-01   0.0000000e+00
   6.8750000e-01   0.0000000e+00   6.6666667e-01   3.3962264e-01   3.1278539e-01   0.0000000e+00   0.0000000e+00   1.9847328e-01   0.0000000e+00   1.9354839e-01   5.0000000e-01   3.3333333e-01   1.0000000e+00   1.0000000e+00
   2.9166667e-01   0.0000000e+00   1.0000000e+00   3.5849057e-01   4.9086758e-01   1.0000000e+00   1.0000000e+00   4.9618321e-01   1.0000000e+00   4.8387097e-01   5.0000000e-01   0.0000000e+00   1.0000000e+00   1.0000000e+00
   6.0416667e-01   0.0000000e+00   0.0000000e+00   5.2830189e-01   3.5844749e-01   1.0000000e+00   1.0000000e+00   6.9465649e-01   0.0000000e+00   1.6129032e-01   0.0000000e+00   0.0000000e+00   0.0000000e+00   0.0000000e+00
   4.7916667e-01   1.0000000e+00   0.0000000e+00   2.2641509e-01   1.3698630e-01   0.0000000e+00   1.0000000e+00   9.0839695e-01   0.0000000e+00   0.0000000e+00   5.0000000e-01   0.0000000e+00   7.5000000e-01   0.0000000e+00
   6.6666667e-01   0.0000000e+00   1.0000000e+00   4.8113208e-01   4.1324201e-01   0.0000000e+00   1.0000000e+00   5.7251908e-01   1.0000000e+00   1.6129032e-01   5.0000000e-01   0.0000000e+00   1.0000000e+00   1.0000000e+00
   2.0833333e-01   1.0000000e+00   1.0000000e+00   2.2641509e-01   2.1232877e-01   0.0000000e+00   0.0000000e+00   5.2671756e-01   0.0000000e+00   1.9354839e-01   5.0000000e-01   0.0000000e+00   1.0000000e+00   1.0000000e+00
   3.3333333e-01   1.0000000e+00   1.0000000e+00   1.9811321e-01   3.0593607e-01   0.0000000e+00   1.0000000e+00   8.7022901e-01   0.0000000e+00   0.0000000e+00   0.0000000e+00   0.0000000e+00   0.0000000e+00   0.0000000e+00
   4.7916667e-01   1.0000000e+00   1.0000000e+00   3.2075472e-01   2.9452055e-01   0.0000000e+00   0.0000000e+00   6.8702290e-01   1.0000000e+00   0.0000000e+00   0.0000000e+00   3.3333333e-01   1.0000000e+00   1.0000000e+00
   6.8750000e-01   1.0000000e+00   6.6666667e-01   3.3962264e-01   2.3972603e-01   0.0000000e+00   0.0000000e+00   5.7251908e-01   0.0000000e+00   2.9032258e-01   5.0000000e-01   1.0000000e+00   1.0000000e+00   0.0000000e+00
   6.8750000e-01   0.0000000e+00   1.0000000e+00   6.2264151e-01   8.6757991e-02   0.0000000e+00   1.0000000e+00   5.6488550e-01   0.0000000e+00   1.0000000e+00   1.0000000e+00   1.0000000e+00   1.0000000e+00   1.0000000e+00
   5.0000000e-01   0.0000000e+00   1.0000000e+00   4.1509434e-01   2.4657534e-01   0.0000000e+00   1.0000000e+00   6.7938931e-01   0.0000000e+00   0.0000000e+00   0.0000000e+00   0.0000000e+00   0.0000000e+00   0.0000000e+00
   2.9166667e-01   1.0000000e+00   1.0000000e+00   2.4528302e-01   1.1643836e-01   0.0000000e+00   1.0000000e+00   3.7404580e-01   1.0000000e+00   4.0322581e-01   5.0000000e-01   0.0000000e+00   1.0000000e+00   1.0000000e+00
   3.7500000e-01   1.0000000e+00   6.6666667e-01   4.1509434e-01   2.9908676e-01   0.0000000e+00   1.0000000e+00   6.4885496e-01   0.0000000e+00   0.0000000e+00   0.0000000e+00   0.0000000e+00   0.0000000e+00   0.0000000e+00
   4.7916667e-01   1.0000000e+00   3.3333333e-01   2.4528302e-01   4.5433790e-01   0.0000000e+00   0.0000000e+00   7.7099237e-01   0.0000000e+00   3.2258065e-02   0.0000000e+00   0.0000000e+00   0.0000000e+00   0.0000000e+00
   8.1250000e-01   1.0000000e+00   6.6666667e-01   8.1132075e-01   3.3789954e-01   1.0000000e+00   1.0000000e+00   6.0305344e-01   1.0000000e+00   2.5806452e-01   5.0000000e-01   0.0000000e+00   1.0000000e+00   1.0000000e+00
   2.0833333e-01   1.0000000e+00   6.6666667e-01   4.3396226e-01   4.4520548e-01   0.0000000e+00   1.0000000e+00   8.4732824e-01   0.0000000e+00   0.0000000e+00   0.0000000e+00   0.0000000e+00   0.0000000e+00   0.0000000e+00
   5.0000000e-01   0.0000000e+00   1.0000000e+00   3.3962264e-01   3.1506849e-01   0.0000000e+00   1.0000000e+00   5.4961832e-01   0.0000000e+00   6.4516129e-02   5.0000000e-01   0.0000000e+00   0.0000000e+00   0.0000000e+00
   6.8750000e-01   0.0000000e+00   1.0000000e+00   4.3396226e-01   3.2420091e-01   0.0000000e+00   1.0000000e+00   6.7938931e-01   0.0000000e+00   5.8064516e-01   1.0000000e+00   6.6666667e-01   0.0000000e+00   1.0000000e+00
   4.5833333e-01   0.0000000e+00   6.6666667e-01   4.3396226e-01   4.1552511e-01   0.0000000e+00   1.0000000e+00   5.4198473e-01   0.0000000e+00   2.4193548e-01   0.0000000e+00   3.3333333e-01   0.0000000e+00   0.0000000e+00
   6.4583333e-01   1.0000000e+00   1.0000000e+00   3.3962264e-01   2.8995434e-01   0.0000000e+00   0.0000000e+00   5.5725191e-01   1.0000000e+00   2.2580645e-01   0.0000000e+00   3.3333333e-01   1.0000000e+00   1.0000000e+00
   7.5000000e-01   1.0000000e+00   1.0000000e+00   1.5094340e-01   2.7853881e-01   0.0000000e+00   1.0000000e+00   6.6412214e-01   0.0000000e+00   9.6774194e-02   0.0000000e+00   6.6666667e-01   7.5000000e-01   1.0000000e+00
   7.5000000e-01   0.0000000e+00   6.6666667e-01   5.7547170e-01   3.2648402e-01   0.0000000e+00   0.0000000e+00   5.8778626e-01   0.0000000e+00   1.2903226e-01   0.0000000e+00   0.0000000e+00   0.0000000e+00   0.0000000e+00
   6.4583333e-01   1.0000000e+00   6.6666667e-01   4.3396226e-01   1.3470320e-01   0.0000000e+00   1.0000000e+00   6.4122137e-01   0.0000000e+00   4.8387097e-01   5.0000000e-01   0.0000000e+00   0.0000000e+00   1.0000000e+00
   6.4583333e-01   1.0000000e+00   1.0000000e+00   4.8113208e-01   3.5616438e-01   0.0000000e+00   1.0000000e+00   5.4198473e-01   1.0000000e+00   4.5161290e-01   5.0000000e-01   6.6666667e-01   1.0000000e+00   1.0000000e+00
   5.2083333e-01   1.0000000e+00   1.0000000e+00   2.4528302e-01   1.4155251e-01   0.0000000e+00   0.0000000e+00   3.2061069e-01   0.0000000e+00   2.2580645e-01   5.0000000e-01   3.3333333e-01   1.0000000e+00   1.0000000e+00
   3.1250000e-01   1.0000000e+00   3.3333333e-01   3.3962264e-01   2.1232877e-01   0.0000000e+00   1.0000000e+00   8.9312977e-01   0.0000000e+00   0.0000000e+00   0.0000000e+00   0.0000000e+00   0.0000000e+00   0.0000000e+00
   3.1250000e-01   1.0000000e+00   1.0000000e+00   1.6981132e-01   3.7442922e-01   0.0000000e+00   1.0000000e+00   6.2595420e-01   0.0000000e+00   0.0000000e+00   0.0000000e+00   3.3333333e-01   0.0000000e+00   1.0000000e+00
   4.5833333e-01   1.0000000e+00   6.6666667e-01   1.5094340e-01   1.1187215e-01   0.0000000e+00   0.0000000e+00   3.9694656e-01   0.0000000e+00   9.6774194e-02   0.0000000e+00   0.0000000e+00   0.0000000e+00   0.0000000e+00
   6.2500000e-01   1.0000000e+00   6.6666667e-01   5.2830189e-01   1.9634703e-01   1.0000000e+00   0.0000000e+00   6.5648855e-01   0.0000000e+00   2.5806452e-01   0.0000000e+00   0.0000000e+00   0.0000000e+00   0.0000000e+00
   8.7500000e-01   0.0000000e+00   3.3333333e-01   6.2264151e-01   4.0182648e-01   0.0000000e+00   0.0000000e+00   6.9465649e-01   0.0000000e+00   6.4516129e-02   0.0000000e+00   6.6666667e-01   0.0000000e+00   0.0000000e+00
   6.6666667e-01   1.0000000e+00   6.6666667e-01   5.2830189e-01   2.6712329e-01   1.0000000e+00   0.0000000e+00   5.0381679e-01   1.0000000e+00   1.6129032e-01   5.0000000e-01   0.0000000e+00   0.0000000e+00   0.0000000e+00
   5.4166667e-01   1.0000000e+00   1.0000000e+00   3.5849057e-01   5.1826484e-01   0.0000000e+00   0.0000000e+00   4.6564885e-01   1.0000000e+00   1.9354839e-01   5.0000000e-01   3.3333333e-01   1.0000000e+00   1.0000000e+00
   7.2916667e-01   1.0000000e+00   6.6666667e-01   4.3396226e-01   4.7716895e-01   0.0000000e+00   0.0000000e+00   6.6412214e-01   0.0000000e+00   0.0000000e+00   0.0000000e+00   0.0000000e+00   0.0000000e+00   1.0000000e+00
   2.9166667e-01   1.0000000e+00   1.0000000e+00   5.2830189e-01   2.7625571e-01   0.0000000e+00   0.0000000e+00   7.6335878e-01   0.0000000e+00   2.4193548e-01   0.0000000e+00   0.0000000e+00   0.0000000e+00   0.0000000e+00
   6.0416667e-01   0.0000000e+00   6.6666667e-01   2.4528302e-01   4.8858447e-01   0.0000000e+00   0.0000000e+00   7.7099237e-01   0.0000000e+00   0.0000000e+00   0.0000000e+00   0.0000000e+00   0.0000000e+00   0.0000000e+00
   6.4583333e-01   1.0000000e+00   1.0000000e+00   3.3962264e-01   1.8264840e-01   0.0000000e+00   1.0000000e+00   4.6564885e-01   1.0000000e+00   3.8709677e-01   5.0000000e-01   6.6666667e-01   1.0000000e+00   1.0000000e+00
   6.0416667e-01   1.0000000e+00   3.3333333e-01   2.4528302e-01   3.6073059e-01   0.0000000e+00   1.0000000e+00   6.7938931e-01   0.0000000e+00   2.9032258e-01   5.0000000e-01   0.0000000e+00   0.0000000e+00   1.0000000e+00
   4.1666667e-01   1.0000000e+00   3.3333333e-01   3.3962264e-01   3.1963470e-01   0.0000000e+00   0.0000000e+00   7.6335878e-01   0.0000000e+00   9.6774194e-02   0.0000000e+00   0.0000000e+00   0.0000000e+00   0.0000000e+00
   3.9583333e-01   1.0000000e+00   3.3333333e-01   1.5094340e-01   2.3515982e-01   0.0000000e+00   0.0000000e+00   7.4045802e-01   0.0000000e+00   1.6129032e-01   1.0000000e+00   0.0000000e+00   1.0000000e+00   1.0000000e+00
   4.7916667e-01   1.0000000e+00   6.6666667e-01   7.3584906e-01   1.6666667e-01   1.0000000e+00   0.0000000e+00   6.9465649e-01   0.0000000e+00   8.0645161e-02   0.0000000e+00   0.0000000e+00   1.0000000e+00   0.0000000e+00
   3.1250000e-01   1.0000000e+00   3.3333333e-01   2.4528302e-01   3.1278539e-01   0.0000000e+00   0.0000000e+00   7.7862595e-01   0.0000000e+00   0.0000000e+00   0.0000000e+00   0.0000000e+00   1.0000000e+00   0.0000000e+00
   5.6250000e-01   0.0000000e+00   3.3333333e-01   4.3396226e-01   3.8356164e-01   0.0000000e+00   1.0000000e+00   6.2595420e-01   0.0000000e+00   2.0967742e-01   5.0000000e-01   0.0000000e+00   0.0000000e+00   0.0000000e+00
   5.8333333e-01   1.0000000e+00   1.0000000e+00   4.3396226e-01   1.5068493e-01   0.0000000e+00   0.0000000e+00   5.8778626e-01   0.0000000e+00   6.4516129e-02   5.0000000e-01   0.0000000e+00   7.5000000e-01   0.0000000e+00
   7.9166667e-01   1.0000000e+00   1.0000000e+00   6.2264151e-01   3.6529680e-01   0.0000000e+00   1.0000000e+00   2.8244275e-01   1.0000000e+00   2.4193548e-01   5.0000000e-01   1.0000000e+00   0.0000000e+00   1.0000000e+00
