   2.7027027e-02   1.0000000e+00   1.0000000e+00   1.0000000e+00   1.0000000e+00
   0.0000000e+00   2.4489796e-01   2.4489796e-01   2.7083333e-01   1.0000000e+00
   1.3513514e-02   3.0612245e-01   3.0612245e-01   3.4375000e-01   1.0000000e+00
   2.7027027e-02   3.8775510e-01   3.8775510e-01   4.4791667e-01   1.0000000e+00
   1.3513514e-02   4.6938776e-01   4.6938776e-01   7.8125000e-01   0.0000000e+00
   5.4054054e-02   6.1224490e-02   6.1224490e-02   2.0833333e-02   0.0000000e+00
   2.7027027e-02   1.2244898e-01   1.2244898e-01   1.2500000e-01   1.0000000e+00
   1.3513514e-02   2.2448980e-01   2.2448980e-01   3.4375000e-01   0.0000000e+00
   2.7027027e-02   1.6326531e-01   1.6326531e-01   2.0833333e-01   1.0000000e+00
   6.7567568e-02   9.1836735e-01   9.1836735e-01   1.0000000e+00   1.0000000e+00
   5.4054054e-02   4.4897959e-01   4.4897959e-01   5.8333333e-01   0.0000000e+00
   0.0000000e+00   4.0816327e-02   4.0816327e-02   2.0833333e-02   0.0000000e+00
   2.7027027e-02   1.8367347e-01   1.8367347e-01   2.7083333e-01   1.0000000e+00
   1.3513514e-02   2.4489796e-01   2.4489796e-01   4.6875000e-01   0.0000000e+00
   2.7027027e-02   1.0204082e-01   1.0204082e-01   1.3541667e-01   1.0000000e+00
   2.7027027e-02   8.1632653e-02   8.1632653e-02   9.3750000e-02   1.0000000e+00
   2.7027027e-02   2.6530612e-01   2.6530612e-01   4.7916667e-01   1.0000000e+00
   2.7027027e-02   2.8571429e-01   2.8571429e-01   4.8958333e-01   1.0000000e+00
   2.7027027e-02   1.0204082e-01   1.0204082e-01   1.3541667e-01   1.0000000e+00
   2.7027027e-02   4.0816327e-02   4.0816327e-02   2.0833333e-02   1.0000000e+00
   2.7027027e-02   4.0816327e-02   4.0816327e-02   2.0833333e-02   1.0000000e+00
   5.4054054e-02   2.0408163e-01   2.0408163e-01   2.7083333e-01   0.0000000e+00
   2.7027027e-02   1.0204082e-01   1.0204082e-01   1.4583333e-01   1.0000000e+00
   2.7027027e-02   1.0204082e-01   1.0204082e-01   1.4583333e-01   1.0000000e+00
   1.2162162e-01   1.6326531e-01   1.6326531e-01   1.4583333e-01   0.0000000e+00
   5.4054054e-02   2.6530612e-01   2.6530612e-01   3.9583333e-01   0.0000000e+00
   5.4054054e-02   1.0204082e-01   1.0204082e-01   1.2500000e-01   0.0000000e+00
   5.4054054e-02   2.2448980e-01   2.2448980e-01   3.3333333e-01   1.0000000e+00
   5.4054054e-02   8.1632653e-02   8.1632653e-02   9.3750000e-02   1.0000000e+00
   5.4054054e-02   1.4285714e-01   1.4285714e-01   1.9791667e-01   0.0000000e+00
   1.3513514e-02   2.6530612e-01   2.6530612e-01   5.8333333e-01   0.0000000e+00
   5.4054054e-02   1.8367347e-01   1.8367347e-01   2.7083333e-01   1.0000000e+00
   5.4054054e-02   1.8367347e-01   1.8367347e-01   2.7083333e-01   1.0000000e+00
   5.4054054e-02   1.6326531e-01   1.6326531e-01   2.5000000e-01   1.0000000e+00
   2.7027027e-02   3.0612245e-01   3.0612245e-01   6.4583333e-01   0.0000000e+00
   2.7027027e-02   1.4285714e-01   1.4285714e-01   2.7083333e-01   1.0000000e+00
   2.7027027e-02   2.2448980e-01   2.2448980e-01   4.6875000e-01   1.0000000e+00
   5.4054054e-02   1.0204082e-01   1.0204082e-01   1.4583333e-01   1.0000000e+00
   2.7027027e-02   2.6530612e-01   2.6530612e-01   5.7291667e-01   1.0000000e+00
   5.4054054e-02   1.2244898e-01   1.2244898e-01   2.0833333e-01   1.0000000e+00
   2.7027027e-02   2.4489796e-01   2.4489796e-01   5.3125000e-01   1.0000000e+00
   2.7027027e-02   8.1632653e-02   8.1632653e-02   1.4583333e-01   0.0000000e+00
   2.7027027e-02   8.1632653e-02   8.1632653e-02   1.4583333e-01   1.0000000e+00
   2.7027027e-02   8.1632653e-02   8.1632653e-02   1.4583333e-01   0.0000000e+00
   5.4054054e-02   3.8775510e-01   3.8775510e-01   6.9791667e-01   1.0000000e+00
   5.4054054e-02   1.6326531e-01   1.6326531e-01   2.7083333e-01   1.0000000e+00
   2.7027027e-02   1.6326531e-01   1.6326531e-01   3.5416667e-01   0.0000000e+00
   2.7027027e-02   2.0408163e-02   2.0408163e-02   0.0000000e+00   0.0000000e+00
   2.7027027e-02   2.0408163e-02   2.0408163e-02   0.0000000e+00   0.0000000e+00
   2.7027027e-02   2.0408163e-02   2.0408163e-02   0.0000000e+00   0.0000000e+00
   2.7027027e-02   2.0408163e-01   2.0408163e-01   4.5833333e-01   0.0000000e+00
   2.7027027e-02   2.0408163e-01   2.0408163e-01   4.5833333e-01   1.0000000e+00
   2.7027027e-02   1.0204082e-01   1.0204082e-01   2.0833333e-01   0.0000000e+00
   2.7027027e-02   2.2448980e-01   2.2448980e-01   5.2083333e-01   0.0000000e+00
   5.4054054e-02   8.1632653e-02   8.1632653e-02   1.2500000e-01   1.0000000e+00
   5.4054054e-02   3.6734694e-01   3.6734694e-01   6.9791667e-01   1.0000000e+00
   5.4054054e-02   1.4285714e-01   1.4285714e-01   2.5000000e-01   1.0000000e+00
   2.7027027e-02   1.2244898e-01   1.2244898e-01   2.7083333e-01   1.0000000e+00
   2.7027027e-02   3.0612245e-01   3.0612245e-01   8.2291667e-01   0.0000000e+00
   4.0540541e-02   1.0204082e-01   1.0204082e-01   1.9791667e-01   0.0000000e+00
   2.7027027e-02   1.2244898e-01   1.2244898e-01   2.8125000e-01   0.0000000e+00
   2.7027027e-02   1.4285714e-01   1.4285714e-01   3.4375000e-01   1.0000000e+00
   2.7027027e-02   1.8367347e-01   1.8367347e-01   4.8958333e-01   0.0000000e+00
   5.4054054e-02   8.1632653e-02   8.1632653e-02   1.4583333e-01   1.0000000e+00
   2.7027027e-02   4.0816327e-02   4.0816327e-02   7.2916667e-02   1.0000000e+00
   4.0540541e-02   3.0612245e-01   3.0612245e-01   7.5000000e-01   0.0000000e+00
   2.7027027e-02   6.1224490e-02   6.1224490e-02   1.2500000e-01   1.0000000e+00
   0.0000000e+00   2.0408163e-02   2.0408163e-02   2.0833333e-02   0.0000000e+00
   5.4054054e-02   1.2244898e-01   1.2244898e-01   2.3958333e-01   0.0000000e+00
   1.3513514e-02   1.6326531e-01   1.6326531e-01   5.1041667e-01   0.0000000e+00
   2.7027027e-02   6.1224490e-02   6.1224490e-02   1.4583333e-01   0.0000000e+00
   2.7027027e-02   6.1224490e-02   6.1224490e-02   1.4583333e-01   0.0000000e+00
   5.4054054e-02   3.2653061e-01   3.2653061e-01   7.1875000e-01   1.0000000e+00
   2.7027027e-02   2.0408163e-02   2.0408163e-02   2.0833333e-02   0.0000000e+00
   2.7027027e-02   2.0408163e-02   2.0408163e-02   2.0833333e-02   1.0000000e+00
   2.7027027e-02   2.0408163e-02   2.0408163e-02   2.0833333e-02   1.0000000e+00
   2.7027027e-02   6.1224490e-02   6.1224490e-02   1.4583333e-01   1.0000000e+00
   2.7027027e-02   2.0408163e-02   2.0408163e-02   2.0833333e-02   0.0000000e+00
   2.7027027e-02   2.0408163e-02   2.0408163e-02   2.0833333e-02   0.0000000e+00
   2.7027027e-02   2.0408163e-02   2.0408163e-02   2.0833333e-02   0.0000000e+00
   5.4054054e-02   1.0204082e-01   1.0204082e-01   2.1875000e-01   1.0000000e+00
   2.7027027e-02   6.1224490e-02   6.1224490e-02   1.4583333e-01   0.0000000e+00
   2.7027027e-02   6.1224490e-02   6.1224490e-02   1.4583333e-01   0.0000000e+00
   2.7027027e-02   6.1224490e-02   6.1224490e-02   1.4583333e-01   0.0000000e+00
   2.7027027e-02   1.0204082e-01   1.0204082e-01   2.7083333e-01   1.0000000e+00
   2.7027027e-02   1.0204082e-01   1.0204082e-01   2.7083333e-01   0.0000000e+00
   5.4054054e-02   2.0408163e-02   2.0408163e-02   2.0833333e-02   0.0000000e+00
   5.4054054e-02   2.0408163e-02   2.0408163e-02   2.0833333e-02   0.0000000e+00
   5.4054054e-02   2.0408163e-02   2.0408163e-02   2.0833333e-02   0.0000000e+00
   2.7027027e-02   1.2244898e-01   1.2244898e-01   3.4375000e-01   1.0000000e+00
   5.4054054e-02   2.0408163e-02   2.0408163e-02   2.0833333e-02   1.0000000e+00
   5.4054054e-02   2.0408163e-02   2.0408163e-02   2.0833333e-02   0.0000000e+00
   5.4054054e-02   2.0408163e-02   2.0408163e-02   2.0833333e-02   0.0000000e+00
   5.4054054e-02   2.0408163e-02   2.0408163e-02   2.0833333e-02   0.0000000e+00
   1.6216216e-01   2.0408163e-01   2.0408163e-01   2.1875000e-01   0.0000000e+00
   5.4054054e-02   1.2244898e-01   1.2244898e-01   2.7083333e-01   0.0000000e+00
   4.0540541e-02   3.2653061e-01   3.2653061e-01   8.7500000e-01   0.0000000e+00
   5.4054054e-02   1.6326531e-01   1.6326531e-01   3.7500000e-01   1.0000000e+00
   5.4054054e-02   6.1224490e-02   6.1224490e-02   1.2500000e-01   1.0000000e+00
   6.7567568e-02   1.2244898e-01   1.2244898e-01   2.5000000e-01   1.0000000e+00
   5.4054054e-02   1.4285714e-01   1.4285714e-01   3.3333333e-01   1.0000000e+00
   2.7027027e-02   2.4489796e-01   2.4489796e-01   7.7083333e-01   1.0000000e+00
   5.4054054e-02   1.6326531e-01   1.6326531e-01   3.9583333e-01   0.0000000e+00
   2.7027027e-02   8.1632653e-02   8.1632653e-02   2.5000000e-01   0.0000000e+00
   2.7027027e-02   8.1632653e-02   8.1632653e-02   2.5000000e-01   0.0000000e+00
   8.1081081e-02   3.2653061e-01   3.2653061e-01   7.0833333e-01   0.0000000e+00
   0.0000000e+00   1.4285714e-01   1.4285714e-01   5.9375000e-01   0.0000000e+00
   4.0540541e-02   8.1632653e-02   8.1632653e-02   2.5000000e-01   0.0000000e+00
   2.7027027e-02   4.0816327e-02   4.0816327e-02   1.2500000e-01   0.0000000e+00
   2.7027027e-02   1.8367347e-01   1.8367347e-01   6.4583333e-01   0.0000000e+00
   5.4054054e-02   8.1632653e-02   8.1632653e-02   2.1875000e-01   1.0000000e+00
   5.4054054e-02   1.6326531e-01   1.6326531e-01   4.5833333e-01   0.0000000e+00
   5.4054054e-02   8.1632653e-02   8.1632653e-02   2.1875000e-01   0.0000000e+00
   5.4054054e-02   1.4285714e-01   1.4285714e-01   3.9583333e-01   1.0000000e+00
   2.7027027e-02   2.2448980e-01   2.2448980e-01   8.3333333e-01   0.0000000e+00
   1.4864865e-01   4.6938776e-01   4.6938776e-01   6.4583333e-01   0.0000000e+00
   2.7027027e-02   1.2244898e-01   1.2244898e-01   4.5833333e-01   1.0000000e+00
   5.4054054e-02   2.0408163e-01   2.0408163e-01   6.1458333e-01   0.0000000e+00
   1.3513514e-02   1.2244898e-01   1.2244898e-01   5.7291667e-01   0.0000000e+00
   2.7027027e-02   2.0408163e-01   2.0408163e-01   8.0208333e-01   1.0000000e+00
   2.7027027e-02   4.0816327e-02   4.0816327e-02   1.4583333e-01   1.0000000e+00
   5.4054054e-02   8.1632653e-02   8.1632653e-02   2.5000000e-01   1.0000000e+00
   2.7027027e-02   1.0204082e-01   1.0204082e-01   4.0625000e-01   1.0000000e+00
   2.7027027e-02   8.1632653e-02   8.1632653e-02   3.2291667e-01   1.0000000e+00
   2.7027027e-02   6.1224490e-02   6.1224490e-02   2.5000000e-01   0.0000000e+00
   2.7027027e-02   8.1632653e-02   8.1632653e-02   3.3333333e-01   0.0000000e+00
   5.4054054e-02   1.4285714e-01   1.4285714e-01   4.5833333e-01   1.0000000e+00
   2.7027027e-02   6.1224490e-02   6.1224490e-02   2.5000000e-01   0.0000000e+00
   5.4054054e-02   1.4285714e-01   1.4285714e-01   4.7916667e-01   1.0000000e+00
   2.7027027e-02   2.0408163e-02   2.0408163e-02   8.3333333e-02   1.0000000e+00
   5.4054054e-02   8.1632653e-02   8.1632653e-02   2.7083333e-01   0.0000000e+00
   2.7027027e-02   2.2448980e-01   2.2448980e-01   9.6875000e-01   0.0000000e+00
   2.7027027e-02   2.0408163e-02   2.0408163e-02   8.3333333e-02   0.0000000e+00
   5.4054054e-02   1.0204082e-01   1.0204082e-01   3.4375000e-01   0.0000000e+00
   2.7027027e-02   2.0408163e-01   2.0408163e-01   8.9583333e-01   0.0000000e+00
   2.7027027e-02   4.0816327e-02   4.0816327e-02   1.7708333e-01   0.0000000e+00
   2.7027027e-02   8.1632653e-02   8.1632653e-02   3.6458333e-01   0.0000000e+00
   2.7027027e-02   2.2448980e-01   2.2448980e-01   1.0000000e+00   0.0000000e+00
   1.2162162e-01   8.1632653e-02   8.1632653e-02   1.7708333e-01   0.0000000e+00
   2.7027027e-02   2.0408163e-02   2.0408163e-02   9.3750000e-02   0.0000000e+00
   2.7027027e-02   1.6326531e-01   1.6326531e-01   7.5000000e-01   0.0000000e+00
   6.7567568e-02   2.6530612e-01   2.6530612e-01   8.7500000e-01   0.0000000e+00
   5.4054054e-02   4.0816327e-02   4.0816327e-02   1.4583333e-01   0.0000000e+00
   5.4054054e-02   4.0816327e-02   4.0816327e-02   1.4583333e-01   0.0000000e+00
   5.4054054e-02   2.0408163e-02   2.0408163e-02   7.2916667e-02   1.0000000e+00
   5.4054054e-02   4.0816327e-02   4.0816327e-02   1.4583333e-01   1.0000000e+00
   8.1081081e-02   4.0816327e-02   4.0816327e-02   1.2500000e-01   0.0000000e+00
   2.7027027e-02   2.0408163e-02   2.0408163e-02   9.3750000e-02   0.0000000e+00
   2.7027027e-02   2.0408163e-02   2.0408163e-02   9.3750000e-02   1.0000000e+00
   2.7027027e-02   2.0408163e-02   2.0408163e-02   9.3750000e-02   0.0000000e+00
   2.7027027e-02   1.2244898e-01   1.2244898e-01   5.8333333e-01   1.0000000e+00
   5.4054054e-02   1.0204082e-01   1.0204082e-01   3.8541667e-01   0.0000000e+00
   5.4054054e-02   2.0408163e-01   2.0408163e-01   7.9166667e-01   0.0000000e+00
   2.7027027e-02   0.0000000e+00   0.0000000e+00   0.0000000e+00   1.0000000e+00
   2.7027027e-02   0.0000000e+00   0.0000000e+00   0.0000000e+00   0.0000000e+00
   2.7027027e-02   0.0000000e+00   0.0000000e+00   0.0000000e+00   0.0000000e+00
   2.7027027e-02   0.0000000e+00   0.0000000e+00   0.0000000e+00   0.0000000e+00
   2.7027027e-02   0.0000000e+00   0.0000000e+00   0.0000000e+00   0.0000000e+00
   2.7027027e-02   0.0000000e+00   0.0000000e+00   0.0000000e+00   0.0000000e+00
   2.7027027e-02   0.0000000e+00   0.0000000e+00   0.0000000e+00   0.0000000e+00
   2.7027027e-02   0.0000000e+00   0.0000000e+00   0.0000000e+00   0.0000000e+00
   2.7027027e-02   0.0000000e+00   0.0000000e+00   0.0000000e+00   0.0000000e+00
   2.7027027e-02   0.0000000e+00   0.0000000e+00   0.0000000e+00   0.0000000e+00
   2.7027027e-02   0.0000000e+00   0.0000000e+00   0.0000000e+00   1.0000000e+00
   2.7027027e-02   0.0000000e+00   0.0000000e+00   0.0000000e+00   1.0000000e+00
   2.7027027e-02   0.0000000e+00   0.0000000e+00   0.0000000e+00   1.0000000e+00
   2.7027027e-02   0.0000000e+00   0.0000000e+00   0.0000000e+00   0.0000000e+00
   2.7027027e-02   0.0000000e+00   0.0000000e+00   0.0000000e+00   0.0000000e+00
   2.7027027e-02   0.0000000e+00   0.0000000e+00   0.0000000e+00   0.0000000e+00
   2.7027027e-02   0.0000000e+00   0.0000000e+00   0.0000000e+00   0.0000000e+00
   2.7027027e-02   0.0000000e+00   0.0000000e+00   0.0000000e+00   0.0000000e+00
   2.7027027e-02   0.0000000e+00   0.0000000e+00   0.0000000e+00   0.0000000e+00
   2.7027027e-02   0.0000000e+00   0.0000000e+00   0.0000000e+00   0.0000000e+00
   2.7027027e-02   0.0000000e+00   0.0000000e+00   0.0000000e+00   0.0000000e+00
   2.7027027e-02   0.0000000e+00   0.0000000e+00   0.0000000e+00   0.0000000e+00
   1.4864865e-01   1.8367347e-01   1.8367347e-01   3.4375000e-01   0.0000000e+00
   1.4864865e-01   6.1224490e-02   6.1224490e-02   1.4583333e-01   1.0000000e+00
   5.4054054e-02   8.1632653e-02   8.1632653e-02   3.2291667e-01   1.0000000e+00
   5.4054054e-02   1.0204082e-01   1.0204082e-01   4.0625000e-01   1.0000000e+00
   2.7027027e-02   4.0816327e-02   4.0816327e-02   2.0833333e-01   0.0000000e+00
   5.4054054e-02   6.1224490e-02   6.1224490e-02   2.5000000e-01   1.0000000e+00
   1.3513514e-01   6.1224490e-02   6.1224490e-02   1.4583333e-01   0.0000000e+00
   2.7027027e-02   6.1224490e-02   6.1224490e-02   3.4375000e-01   0.0000000e+00
   5.4054054e-02   2.2448980e-01   2.2448980e-01   8.9583333e-01   0.0000000e+00
   1.7567568e-01   1.4285714e-01   1.4285714e-01   2.5000000e-01   0.0000000e+00
   1.4864865e-01   1.6326531e-01   1.6326531e-01   3.2291667e-01   0.0000000e+00
   5.4054054e-02   8.1632653e-02   8.1632653e-02   3.3333333e-01   0.0000000e+00
   5.4054054e-02   6.1224490e-02   6.1224490e-02   2.5000000e-01   0.0000000e+00
   1.0810811e-01   2.8571429e-01   2.8571429e-01   7.8125000e-01   0.0000000e+00
   5.4054054e-02   8.1632653e-02   8.1632653e-02   3.4375000e-01   1.0000000e+00
   5.4054054e-02   1.2244898e-01   1.2244898e-01   5.2083333e-01   0.0000000e+00
   5.4054054e-02   1.2244898e-01   1.2244898e-01   5.2083333e-01   0.0000000e+00
   2.7027027e-02   6.1224490e-02   6.1224490e-02   3.4375000e-01   0.0000000e+00
   1.4864865e-01   2.0408163e-01   2.0408163e-01   4.1666667e-01   0.0000000e+00
   2.7027027e-02   2.0408163e-02   2.0408163e-02   1.2500000e-01   0.0000000e+00
   2.7027027e-02   8.1632653e-02   8.1632653e-02   4.6875000e-01   1.0000000e+00
   1.2162162e-01   1.4285714e-01   1.4285714e-01   3.7500000e-01   1.0000000e+00
   5.4054054e-02   1.0204082e-01   1.0204082e-01   4.6875000e-01   0.0000000e+00
   1.4864865e-01   1.2244898e-01   1.2244898e-01   2.8125000e-01   0.0000000e+00
   1.2162162e-01   1.6326531e-01   1.6326531e-01   4.4791667e-01   0.0000000e+00
   5.4054054e-02   1.0204082e-01   1.0204082e-01   5.2083333e-01   0.0000000e+00
   5.4054054e-02   1.2244898e-01   1.2244898e-01   5.8333333e-01   0.0000000e+00
   8.1081081e-02   2.0408163e-02   2.0408163e-02   9.3750000e-02   1.0000000e+00
   5.4054054e-02   1.2244898e-01   1.2244898e-01   5.8333333e-01   0.0000000e+00
   1.4864865e-01   1.6326531e-01   1.6326531e-01   3.7500000e-01   0.0000000e+00
   1.4864865e-01   1.0204082e-01   1.0204082e-01   2.5000000e-01   0.0000000e+00
   2.7027027e-02   2.0408163e-02   2.0408163e-02   1.4583333e-01   0.0000000e+00
   2.7027027e-02   1.2244898e-01   1.2244898e-01   7.7083333e-01   0.0000000e+00
   1.4864865e-01   1.0204082e-01   1.0204082e-01   2.6041667e-01   0.0000000e+00
   1.4864865e-01   4.0816327e-02   4.0816327e-02   1.2500000e-01   0.0000000e+00
   5.4054054e-02   0.0000000e+00   0.0000000e+00   2.0833333e-02   0.0000000e+00
   5.4054054e-02   0.0000000e+00   0.0000000e+00   2.0833333e-02   0.0000000e+00
   5.4054054e-02   0.0000000e+00   0.0000000e+00   2.0833333e-02   0.0000000e+00
   5.4054054e-02   0.0000000e+00   0.0000000e+00   2.0833333e-02   0.0000000e+00
   5.4054054e-02   0.0000000e+00   0.0000000e+00   2.0833333e-02   0.0000000e+00
   5.4054054e-02   0.0000000e+00   0.0000000e+00   2.0833333e-02   1.0000000e+00
   5.4054054e-02   0.0000000e+00   0.0000000e+00   2.0833333e-02   0.0000000e+00
   5.4054054e-02   0.0000000e+00   0.0000000e+00   2.0833333e-02   0.0000000e+00
   5.4054054e-02   0.0000000e+00   0.0000000e+00   2.0833333e-02   0.0000000e+00
   5.4054054e-02   0.0000000e+00   0.0000000e+00   2.0833333e-02   0.0000000e+00
   5.4054054e-02   0.0000000e+00   0.0000000e+00   2.0833333e-02   0.0000000e+00
   5.4054054e-02   0.0000000e+00   0.0000000e+00   2.0833333e-02   1.0000000e+00
   5.4054054e-02   0.0000000e+00   0.0000000e+00   2.0833333e-02   1.0000000e+00
   5.4054054e-02   0.0000000e+00   0.0000000e+00   2.0833333e-02   0.0000000e+00
   5.4054054e-02   0.0000000e+00   0.0000000e+00   2.0833333e-02   1.0000000e+00
   5.4054054e-02   0.0000000e+00   0.0000000e+00   2.0833333e-02   1.0000000e+00
   5.4054054e-02   0.0000000e+00   0.0000000e+00   2.0833333e-02   0.0000000e+00
   5.4054054e-02   4.0816327e-02   4.0816327e-02   2.2916667e-01   0.0000000e+00
   5.4054054e-02   0.0000000e+00   0.0000000e+00   2.0833333e-02   0.0000000e+00
   5.4054054e-02   0.0000000e+00   0.0000000e+00   2.0833333e-02   0.0000000e+00
   5.4054054e-02   0.0000000e+00   0.0000000e+00   2.0833333e-02   0.0000000e+00
   5.4054054e-02   0.0000000e+00   0.0000000e+00   2.0833333e-02   1.0000000e+00
   5.4054054e-02   0.0000000e+00   0.0000000e+00   2.0833333e-02   0.0000000e+00
   1.3513514e-01   1.4285714e-01   1.4285714e-01   3.8541667e-01   0.0000000e+00
   1.8918919e-01   1.2244898e-01   1.2244898e-01   2.5000000e-01   0.0000000e+00
   1.0810811e-01   1.8367347e-01   1.8367347e-01   6.3541667e-01   0.0000000e+00
   1.4864865e-01   4.0816327e-02   4.0816327e-02   1.3541667e-01   0.0000000e+00
   5.4054054e-02   2.0408163e-02   2.0408163e-02   1.2500000e-01   0.0000000e+00
   2.7027027e-02   6.1224490e-02   6.1224490e-02   4.2708333e-01   0.0000000e+00
   1.0810811e-01   1.6326531e-01   1.6326531e-01   5.8333333e-01   0.0000000e+00
   1.0810811e-01   1.4285714e-01   1.4285714e-01   5.2083333e-01   1.0000000e+00
   1.4864865e-01   4.2857143e-01   4.2857143e-01   1.0000000e+00   0.0000000e+00
   5.4054054e-02   4.0816327e-02   4.0816327e-02   2.3958333e-01   1.0000000e+00
   1.4864865e-01   3.2653061e-01   3.2653061e-01   8.0208333e-01   1.0000000e+00
   1.2162162e-01   2.0408163e-02   2.0408163e-02   9.3750000e-02   0.0000000e+00
   5.4054054e-02   8.1632653e-02   8.1632653e-02   4.5833333e-01   0.0000000e+00
   1.4864865e-01   2.2448980e-01   2.2448980e-01   5.8333333e-01   0.0000000e+00
   9.4594595e-02   2.2448980e-01   2.2448980e-01   8.7500000e-01   0.0000000e+00
   1.4864865e-01   2.0408163e-02   2.0408163e-02   9.3750000e-02   0.0000000e+00
   1.4864865e-01   2.0408163e-02   2.0408163e-02   9.3750000e-02   0.0000000e+00
   1.4864865e-01   2.0408163e-02   2.0408163e-02   9.3750000e-02   0.0000000e+00
   2.7027027e-02   1.0204082e-01   1.0204082e-01   7.6041667e-01   0.0000000e+00
   1.4864865e-01   1.4285714e-01   1.4285714e-01   4.0625000e-01   1.0000000e+00
   1.4864865e-01   4.0816327e-02   4.0816327e-02   1.4583333e-01   1.0000000e+00
   1.6216216e-01   2.4489796e-01   2.4489796e-01   5.9375000e-01   0.0000000e+00
   2.7027027e-02   4.0816327e-02   4.0816327e-02   3.4375000e-01   0.0000000e+00
   2.1621622e-01   1.4285714e-01   1.4285714e-01   2.7083333e-01   0.0000000e+00
   1.4864865e-01   1.2244898e-01   1.2244898e-01   3.6458333e-01   0.0000000e+00
   5.4054054e-02   4.0816327e-02   4.0816327e-02   2.7083333e-01   0.0000000e+00
   1.6216216e-01   2.2448980e-01   2.2448980e-01   5.8333333e-01   0.0000000e+00
   5.4054054e-02   6.1224490e-02   6.1224490e-02   4.0625000e-01   0.0000000e+00
   1.4864865e-01   2.6530612e-01   2.6530612e-01   7.3958333e-01   1.0000000e+00
   2.7027027e-02   2.0408163e-02   2.0408163e-02   2.1875000e-01   0.0000000e+00
   2.7027027e-02   4.0816327e-02   4.0816327e-02   3.7500000e-01   1.0000000e+00
   5.4054054e-02   8.1632653e-02   8.1632653e-02   5.8333333e-01   0.0000000e+00
   5.4054054e-02   6.1224490e-02   6.1224490e-02   4.2708333e-01   1.0000000e+00
   4.0540541e-02   2.0408163e-02   2.0408163e-02   2.1875000e-01   0.0000000e+00
   1.4864865e-01   1.4285714e-01   1.4285714e-01   4.5833333e-01   0.0000000e+00
   5.4054054e-02   1.2244898e-01   1.2244898e-01   8.3333333e-01   0.0000000e+00
   1.7567568e-01   6.1224490e-02   6.1224490e-02   1.9791667e-01   0.0000000e+00
   2.1621622e-01   2.0408163e-01   2.0408163e-01   3.9583333e-01   0.0000000e+00
   2.1621622e-01   1.2244898e-01   1.2244898e-01   2.7083333e-01   0.0000000e+00
   9.4594595e-02   2.0408163e-02   2.0408163e-02   1.4583333e-01   0.0000000e+00
   5.4054054e-02   8.1632653e-02   8.1632653e-02   5.8333333e-01   0.0000000e+00
   5.4054054e-02   8.1632653e-02   8.1632653e-02   5.8333333e-01   0.0000000e+00
   5.4054054e-02   6.1224490e-02   6.1224490e-02   4.5833333e-01   0.0000000e+00
   1.8918919e-01   2.4489796e-01   2.4489796e-01   5.7291667e-01   0.0000000e+00
   5.4054054e-02   4.0816327e-02   4.0816327e-02   3.3333333e-01   0.0000000e+00
   1.8918919e-01   3.4693878e-01   3.4693878e-01   7.9166667e-01   0.0000000e+00
   1.4864865e-01   1.4285714e-01   1.4285714e-01   4.7916667e-01   0.0000000e+00
   1.8918919e-01   3.0612245e-01   3.0612245e-01   7.0833333e-01   0.0000000e+00
   1.8918919e-01   6.1224490e-02   6.1224490e-02   2.0833333e-01   1.0000000e+00
   1.8918919e-01   8.1632653e-02   8.1632653e-02   2.5000000e-01   0.0000000e+00
   1.0810811e-01   2.0408163e-02   2.0408163e-02   1.4583333e-01   0.0000000e+00
   1.4864865e-01   8.1632653e-02   8.1632653e-02   3.2291667e-01   0.0000000e+00
   1.4864865e-01   2.0408163e-02   2.0408163e-02   1.2500000e-01   0.0000000e+00
   5.4054054e-02   2.0408163e-02   2.0408163e-02   2.1875000e-01   0.0000000e+00
   1.2162162e-01   2.0408163e-02   2.0408163e-02   1.4583333e-01   1.0000000e+00
   1.8918919e-01   8.1632653e-02   8.1632653e-02   2.7083333e-01   1.0000000e+00
   1.8918919e-01   4.0816327e-02   4.0816327e-02   1.7708333e-01   1.0000000e+00
   1.8918919e-01   6.1224490e-02   6.1224490e-02   2.1875000e-01   1.0000000e+00
   2.1621622e-01   2.2448980e-01   2.2448980e-01   5.0000000e-01   0.0000000e+00
   1.4864865e-01   6.1224490e-02   6.1224490e-02   2.7083333e-01   0.0000000e+00
   1.4864865e-01   8.1632653e-02   8.1632653e-02   3.4375000e-01   0.0000000e+00
   1.4864865e-01   8.1632653e-02   8.1632653e-02   3.4375000e-01   0.0000000e+00
   2.7027027e-02   6.1224490e-02   6.1224490e-02   7.0833333e-01   0.0000000e+00
   1.8918919e-01   8.1632653e-02   8.1632653e-02   2.7083333e-01   0.0000000e+00
   1.8918919e-01   2.0408163e-02   2.0408163e-02   1.2500000e-01   0.0000000e+00
   1.8918919e-01   2.0408163e-02   2.0408163e-02   1.2500000e-01   0.0000000e+00
   1.8918919e-01   2.0408163e-02   2.0408163e-02   1.2500000e-01   0.0000000e+00
   1.8918919e-01   2.0408163e-02   2.0408163e-02   1.2500000e-01   0.0000000e+00
   1.8918919e-01   2.0408163e-02   2.0408163e-02   1.2500000e-01   0.0000000e+00
   1.8918919e-01   2.0408163e-02   2.0408163e-02   1.2500000e-01   0.0000000e+00
   2.7027027e-02   4.0816327e-02   4.0816327e-02   5.2083333e-01   0.0000000e+00
   1.8918919e-01   1.0204082e-01   1.0204082e-01   3.3333333e-01   0.0000000e+00
   1.4864865e-01   8.1632653e-02   8.1632653e-02   3.6458333e-01   1.0000000e+00
   5.4054054e-02   8.1632653e-02   8.1632653e-02   7.5000000e-01   0.0000000e+00
   1.4864865e-01   4.0816327e-02   4.0816327e-02   2.1875000e-01   0.0000000e+00
   2.1621622e-01   6.1224490e-02   6.1224490e-02   2.1875000e-01   0.0000000e+00
   2.1621622e-01   4.0816327e-02   4.0816327e-02   1.7708333e-01   0.0000000e+00
   1.4864865e-01   8.1632653e-02   8.1632653e-02   3.7500000e-01   0.0000000e+00
   1.4864865e-01   2.0408163e-02   2.0408163e-02   1.4583333e-01   0.0000000e+00
   1.6216216e-01   1.6326531e-01   1.6326531e-01   6.0416667e-01   0.0000000e+00
   1.2162162e-01   0.0000000e+00   0.0000000e+00   7.2916667e-02   0.0000000e+00
   1.2162162e-01   0.0000000e+00   0.0000000e+00   7.2916667e-02   0.0000000e+00
   5.4054054e-02   2.0408163e-02   2.0408163e-02   2.8125000e-01   0.0000000e+00
   1.4864865e-01   2.0408163e-02   2.0408163e-02   1.5625000e-01   0.0000000e+00
   1.8918919e-01   6.1224490e-02   6.1224490e-02   2.5000000e-01   0.0000000e+00
   1.4864865e-01   1.6326531e-01   1.6326531e-01   7.2916667e-01   1.0000000e+00
   1.4864865e-01   8.1632653e-02   8.1632653e-02   4.0625000e-01   0.0000000e+00
   2.0270270e-01   3.0612245e-01   3.0612245e-01   8.3333333e-01   0.0000000e+00
   1.2162162e-01   8.1632653e-02   8.1632653e-02   5.1041667e-01   1.0000000e+00
   1.4864865e-01   6.1224490e-02   6.1224490e-02   3.3333333e-01   0.0000000e+00
   1.8918919e-01   1.4285714e-01   1.4285714e-01   5.0000000e-01   1.0000000e+00
   2.1621622e-01   1.2244898e-01   1.2244898e-01   3.7500000e-01   0.0000000e+00
   1.8918919e-01   2.0408163e-02   2.0408163e-02   1.4583333e-01   0.0000000e+00
   2.7027027e-02   2.0408163e-02   2.0408163e-02   4.0625000e-01   0.0000000e+00
   1.8918919e-01   3.0612245e-01   3.0612245e-01   1.0000000e+00   0.0000000e+00
   1.8918919e-01   6.1224490e-02   6.1224490e-02   2.7083333e-01   1.0000000e+00
   2.1621622e-01   1.2244898e-01   1.2244898e-01   3.8541667e-01   0.0000000e+00
   1.8918919e-01   1.2244898e-01   1.2244898e-01   4.6875000e-01   0.0000000e+00
   2.1621622e-01   1.0204082e-01   1.0204082e-01   3.4375000e-01   0.0000000e+00
   2.1621622e-01   1.0204082e-01   1.0204082e-01   3.4375000e-01   1.0000000e+00
   1.4864865e-01   1.2244898e-01   1.2244898e-01   6.2500000e-01   1.0000000e+00
   2.1621622e-01   2.0408163e-02   2.0408163e-02   1.4583333e-01   0.0000000e+00
   2.1621622e-01   4.0816327e-02   4.0816327e-02   1.9791667e-01   1.0000000e+00
   1.4864865e-01   4.0816327e-02   4.0816327e-02   2.7083333e-01   0.0000000e+00
   1.4864865e-01   1.2244898e-01   1.2244898e-01   6.4583333e-01   0.0000000e+00
   1.4864865e-01   0.0000000e+00   0.0000000e+00   9.3750000e-02   1.0000000e+00
   1.2162162e-01   4.0816327e-02   4.0816327e-02   3.3333333e-01   0.0000000e+00
   1.8918919e-01   6.1224490e-02   6.1224490e-02   2.9166667e-01   0.0000000e+00
   3.1081081e-01   7.5510204e-01   7.5510204e-01   1.0000000e+00   0.0000000e+00
   1.4864865e-01   1.0204082e-01   1.0204082e-01   5.8333333e-01   0.0000000e+00
   1.4864865e-01   0.0000000e+00   0.0000000e+00   9.3750000e-02   0.0000000e+00
   1.4864865e-01   0.0000000e+00   0.0000000e+00   9.3750000e-02   0.0000000e+00
   1.4864865e-01   0.0000000e+00   0.0000000e+00   9.3750000e-02   0.0000000e+00
   1.4864865e-01   0.0000000e+00   0.0000000e+00   9.3750000e-02   0.0000000e+00
   1.4864865e-01   0.0000000e+00   0.0000000e+00   9.3750000e-02   0.0000000e+00
   1.4864865e-01   0.0000000e+00   0.0000000e+00   9.3750000e-02   0.0000000e+00
   1.4864865e-01   0.0000000e+00   0.0000000e+00   9.3750000e-02   0.0000000e+00
   1.4864865e-01   0.0000000e+00   0.0000000e+00   9.3750000e-02   0.0000000e+00
   1.4864865e-01   2.0408163e-02   2.0408163e-02   1.9791667e-01   0.0000000e+00
   1.4864865e-01   8.1632653e-02   8.1632653e-02   5.0000000e-01   0.0000000e+00
   1.4864865e-01   2.0408163e-02   2.0408163e-02   1.9791667e-01   0.0000000e+00
   2.1621622e-01   6.1224490e-02   6.1224490e-02   2.7083333e-01   0.0000000e+00
   5.4054054e-02   2.0408163e-02   2.0408163e-02   4.0625000e-01   0.0000000e+00
   2.1621622e-01   1.0204082e-01   1.0204082e-01   3.9583333e-01   0.0000000e+00
   1.8918919e-01   4.0816327e-02   4.0816327e-02   2.5000000e-01   0.0000000e+00
   1.2162162e-01   2.0408163e-02   2.0408163e-02   2.5000000e-01   0.0000000e+00
   2.8378378e-01   3.0612245e-01   3.0612245e-01   6.4583333e-01   0.0000000e+00
   1.8918919e-01   1.0204082e-01   1.0204082e-01   5.1041667e-01   0.0000000e+00
   1.4864865e-01   2.0408163e-02   2.0408163e-02   2.2916667e-01   0.0000000e+00
   5.4054054e-02   4.0816327e-02   4.0816327e-02   7.1875000e-01   0.0000000e+00
   2.8378378e-01   2.4489796e-01   2.4489796e-01   5.7291667e-01   0.0000000e+00
   1.4864865e-01   1.0204082e-01   1.0204082e-01   7.1875000e-01   0.0000000e+00
   1.8918919e-01   2.0408163e-02   2.0408163e-02   1.9791667e-01   1.0000000e+00
   3.1081081e-01   2.8571429e-01   2.8571429e-01   5.7291667e-01   0.0000000e+00
   1.8918919e-01   6.1224490e-02   6.1224490e-02   3.7500000e-01   0.0000000e+00
   1.4864865e-01   2.0408163e-02   2.0408163e-02   2.5000000e-01   0.0000000e+00
   2.1621622e-01   8.1632653e-02   8.1632653e-02   3.9583333e-01   1.0000000e+00
   5.4054054e-02   2.0408163e-02   2.0408163e-02   5.1041667e-01   1.0000000e+00
   1.8918919e-01   4.0816327e-02   4.0816327e-02   3.0208333e-01   0.0000000e+00
   5.4054054e-02   2.0408163e-02   2.0408163e-02   5.2083333e-01   0.0000000e+00
   1.2162162e-01   6.1224490e-02   6.1224490e-02   6.5625000e-01   0.0000000e+00
   1.8918919e-01   6.1224490e-02   6.1224490e-02   3.9583333e-01   0.0000000e+00
   1.4864865e-01   4.0816327e-02   4.0816327e-02   3.9583333e-01   1.0000000e+00
   1.8918919e-01   8.1632653e-02   8.1632653e-02   5.0000000e-01   0.0000000e+00
   1.8918919e-01   0.0000000e+00   0.0000000e+00   1.2500000e-01   0.0000000e+00
   1.8918919e-01   0.0000000e+00   0.0000000e+00   1.2500000e-01   0.0000000e+00
   1.8918919e-01   0.0000000e+00   0.0000000e+00   1.2500000e-01   0.0000000e+00
   1.8918919e-01   0.0000000e+00   0.0000000e+00   1.2500000e-01   0.0000000e+00
   1.8918919e-01   0.0000000e+00   0.0000000e+00   1.2500000e-01   0.0000000e+00
   1.8918919e-01   0.0000000e+00   0.0000000e+00   1.2500000e-01   0.0000000e+00
   1.8918919e-01   0.0000000e+00   0.0000000e+00   1.2500000e-01   0.0000000e+00
   1.8918919e-01   0.0000000e+00   0.0000000e+00   1.2500000e-01   0.0000000e+00
   1.8918919e-01   1.2244898e-01   1.2244898e-01   7.2916667e-01   0.0000000e+00
   1.8918919e-01   0.0000000e+00   0.0000000e+00   1.2500000e-01   0.0000000e+00
   1.8918919e-01   0.0000000e+00   0.0000000e+00   1.2500000e-01   0.0000000e+00
   1.2162162e-01   4.0816327e-02   4.0816327e-02   5.2083333e-01   0.0000000e+00
   1.8918919e-01   1.2244898e-01   1.2244898e-01   7.3958333e-01   0.0000000e+00
   1.4864865e-01   6.1224490e-02   6.1224490e-02   5.8333333e-01   0.0000000e+00
   1.4864865e-01   6.1224490e-02   6.1224490e-02   5.9375000e-01   0.0000000e+00
   5.4054054e-02   2.0408163e-02   2.0408163e-02   5.9375000e-01   0.0000000e+00
   1.4864865e-01   6.1224490e-02   6.1224490e-02   6.1458333e-01   0.0000000e+00
   2.1621622e-01   6.1224490e-02   6.1224490e-02   3.9583333e-01   0.0000000e+00
   2.1621622e-01   1.8367347e-01   1.8367347e-01   9.0625000e-01   0.0000000e+00
   2.8378378e-01   2.0408163e-02   2.0408163e-02   1.9791667e-01   1.0000000e+00
   2.8378378e-01   4.0816327e-02   4.0816327e-02   2.5000000e-01   0.0000000e+00
   2.1621622e-01   1.4285714e-01   1.4285714e-01   7.7083333e-01   0.0000000e+00
   2.8378378e-01   4.0816327e-02   4.0816327e-02   2.5000000e-01   1.0000000e+00
   2.4324324e-01   2.0408163e-02   2.0408163e-02   2.1875000e-01   0.0000000e+00
   3.1081081e-01   8.1632653e-02   8.1632653e-02   3.2291667e-01   0.0000000e+00
   3.1081081e-01   1.4285714e-01   1.4285714e-01   4.5833333e-01   0.0000000e+00
   2.1621622e-01   4.0816327e-02   4.0816327e-02   3.3333333e-01   0.0000000e+00
   1.8918919e-01   8.1632653e-02   8.1632653e-02   6.4583333e-01   0.0000000e+00
   1.8918919e-01   4.0816327e-02   4.0816327e-02   4.0625000e-01   0.0000000e+00
   2.1621622e-01   0.0000000e+00   0.0000000e+00   1.4583333e-01   0.0000000e+00
   2.1621622e-01   0.0000000e+00   0.0000000e+00   1.4583333e-01   0.0000000e+00
   2.1621622e-01   0.0000000e+00   0.0000000e+00   1.4583333e-01   0.0000000e+00
   2.1621622e-01   0.0000000e+00   0.0000000e+00   1.4583333e-01   0.0000000e+00
   2.1621622e-01   0.0000000e+00   0.0000000e+00   1.4583333e-01   0.0000000e+00
   2.1621622e-01   0.0000000e+00   0.0000000e+00   1.4583333e-01   0.0000000e+00
   2.1621622e-01   0.0000000e+00   0.0000000e+00   1.4583333e-01   0.0000000e+00
   2.1621622e-01   6.1224490e-02   6.1224490e-02   4.4791667e-01   0.0000000e+00
   2.1621622e-01   0.0000000e+00   0.0000000e+00   1.4583333e-01   0.0000000e+00
   2.1621622e-01   0.0000000e+00   0.0000000e+00   1.4583333e-01   0.0000000e+00
   2.1621622e-01   0.0000000e+00   0.0000000e+00   1.4583333e-01   0.0000000e+00
   2.1621622e-01   0.0000000e+00   0.0000000e+00   1.4583333e-01   0.0000000e+00
   2.1621622e-01   0.0000000e+00   0.0000000e+00   1.4583333e-01   0.0000000e+00
   2.1621622e-01   2.0408163e-02   2.0408163e-02   2.5000000e-01   0.0000000e+00
   2.8378378e-01   2.0408163e-02   2.0408163e-02   2.1875000e-01   0.0000000e+00
   2.1621622e-01   2.0408163e-02   2.0408163e-02   2.6041667e-01   0.0000000e+00
   2.8378378e-01   2.0408163e-02   2.0408163e-02   2.1875000e-01   0.0000000e+00
   2.8378378e-01   2.0408163e-02   2.0408163e-02   2.1875000e-01   0.0000000e+00
   1.8918919e-01   6.1224490e-02   6.1224490e-02   5.7291667e-01   0.0000000e+00
   2.1621622e-01   8.1632653e-02   8.1632653e-02   6.0416667e-01   0.0000000e+00
   3.1081081e-01   2.0408163e-02   2.0408163e-02   2.1875000e-01   0.0000000e+00
   1.8918919e-01   8.1632653e-02   8.1632653e-02   7.5000000e-01   0.0000000e+00
   3.1081081e-01   4.0816327e-02   4.0816327e-02   2.7083333e-01   0.0000000e+00
   2.1621622e-01   4.0816327e-02   4.0816327e-02   3.9583333e-01   0.0000000e+00
   1.2162162e-01   2.0408163e-02   2.0408163e-02   5.2083333e-01   0.0000000e+00
   1.2162162e-01   2.0408163e-02   2.0408163e-02   5.2083333e-01   0.0000000e+00
   2.1621622e-01   1.2244898e-01   1.2244898e-01   8.8541667e-01   1.0000000e+00
   1.8918919e-01   6.1224490e-02   6.1224490e-02   6.4583333e-01   0.0000000e+00
   1.8918919e-01   2.0408163e-02   2.0408163e-02   3.4375000e-01   0.0000000e+00
   2.1621622e-01   1.2244898e-01   1.2244898e-01   9.4791667e-01   0.0000000e+00
   2.8378378e-01   2.0408163e-02   2.0408163e-02   2.3958333e-01   0.0000000e+00
   1.8918919e-01   4.0816327e-02   4.0816327e-02   5.2083333e-01   0.0000000e+00
   3.1081081e-01   2.6530612e-01   2.6530612e-01   9.4791667e-01   0.0000000e+00
   2.4324324e-01   1.4285714e-01   1.4285714e-01   9.6875000e-01   0.0000000e+00
   2.1621622e-01   4.0816327e-02   4.0816327e-02   4.5833333e-01   0.0000000e+00
   1.4864865e-01   4.0816327e-02   4.0816327e-02   7.7083333e-01   0.0000000e+00
   1.4864865e-01   2.0408163e-02   2.0408163e-02   5.2083333e-01   0.0000000e+00
   1.4864865e-01   4.0816327e-02   4.0816327e-02   7.7083333e-01   0.0000000e+00
   3.1081081e-01   2.2448980e-01   2.2448980e-01   8.7500000e-01   0.0000000e+00
   2.8378378e-01   4.0816327e-02   4.0816327e-02   3.4375000e-01   0.0000000e+00
   3.1081081e-01   2.0408163e-02   2.0408163e-02   2.5000000e-01   0.0000000e+00
   3.1081081e-01   2.0408163e-02   2.0408163e-02   2.5000000e-01   0.0000000e+00
   3.1081081e-01   1.4285714e-01   1.4285714e-01   6.4583333e-01   0.0000000e+00
   2.1621622e-01   4.0816327e-02   4.0816327e-02   5.0000000e-01   0.0000000e+00
   3.1081081e-01   4.0816327e-02   4.0816327e-02   3.2291667e-01   0.0000000e+00
   2.8378378e-01   4.0816327e-02   4.0816327e-02   3.7500000e-01   0.0000000e+00
   3.1081081e-01   2.0408163e-02   2.0408163e-02   2.7083333e-01   0.0000000e+00
   2.8378378e-01   0.0000000e+00   0.0000000e+00   1.9791667e-01   0.0000000e+00
   2.8378378e-01   0.0000000e+00   0.0000000e+00   1.9791667e-01   0.0000000e+00
   2.8378378e-01   0.0000000e+00   0.0000000e+00   1.9791667e-01   0.0000000e+00
   2.8378378e-01   0.0000000e+00   0.0000000e+00   1.9791667e-01   0.0000000e+00
   2.8378378e-01   0.0000000e+00   0.0000000e+00   1.9791667e-01   0.0000000e+00
   2.8378378e-01   0.0000000e+00   0.0000000e+00   1.9791667e-01   0.0000000e+00
   2.8378378e-01   0.0000000e+00   0.0000000e+00   1.9791667e-01   0.0000000e+00
   2.8378378e-01   0.0000000e+00   0.0000000e+00   1.9791667e-01   0.0000000e+00
   2.8378378e-01   0.0000000e+00   0.0000000e+00   1.9791667e-01   0.0000000e+00
   2.8378378e-01   0.0000000e+00   0.0000000e+00   1.9791667e-01   1.0000000e+00
   2.8378378e-01   0.0000000e+00   0.0000000e+00   1.9791667e-01   0.0000000e+00
   2.8378378e-01   0.0000000e+00   0.0000000e+00   1.9791667e-01   0.0000000e+00
   2.8378378e-01   8.1632653e-02   8.1632653e-02   6.0416667e-01   0.0000000e+00
   3.1081081e-01   6.1224490e-02   6.1224490e-02   4.4791667e-01   0.0000000e+00
   2.8378378e-01   6.1224490e-02   6.1224490e-02   5.2083333e-01   0.0000000e+00
   2.9729730e-01   0.0000000e+00   0.0000000e+00   2.0833333e-01   1.0000000e+00
   1.4864865e-01   2.0408163e-02   2.0408163e-02   7.0833333e-01   0.0000000e+00
   3.1081081e-01   8.1632653e-02   8.1632653e-02   5.8333333e-01   0.0000000e+00
   3.1081081e-01   4.0816327e-02   4.0816327e-02   3.9583333e-01   0.0000000e+00
   3.1081081e-01   4.0816327e-02   4.0816327e-02   4.0625000e-01   0.0000000e+00
   1.8918919e-01   4.0816327e-02   4.0816327e-02   8.4375000e-01   0.0000000e+00
   2.8378378e-01   2.0408163e-02   2.0408163e-02   3.4375000e-01   0.0000000e+00
   3.5135135e-01   8.1632653e-02   8.1632653e-02   4.8958333e-01   1.0000000e+00
   3.1081081e-01   1.0204082e-01   1.0204082e-01   7.0833333e-01   0.0000000e+00
   3.1081081e-01   0.0000000e+00   0.0000000e+00   2.1875000e-01   0.0000000e+00
   3.1081081e-01   0.0000000e+00   0.0000000e+00   2.1875000e-01   0.0000000e+00
   3.1081081e-01   0.0000000e+00   0.0000000e+00   2.1875000e-01   0.0000000e+00
   3.1081081e-01   0.0000000e+00   0.0000000e+00   2.1875000e-01   0.0000000e+00
   3.1081081e-01   0.0000000e+00   0.0000000e+00   2.1875000e-01   0.0000000e+00
   3.1081081e-01   0.0000000e+00   0.0000000e+00   2.1875000e-01   0.0000000e+00
   3.1081081e-01   0.0000000e+00   0.0000000e+00   2.1875000e-01   0.0000000e+00
   3.1081081e-01   0.0000000e+00   0.0000000e+00   2.1875000e-01   0.0000000e+00
   3.1081081e-01   6.1224490e-02   6.1224490e-02   5.3125000e-01   0.0000000e+00
   2.8378378e-01   1.0204082e-01   1.0204082e-01   8.7500000e-01   0.0000000e+00
   3.1081081e-01   4.0816327e-02   4.0816327e-02   4.7916667e-01   0.0000000e+00
   2.8378378e-01   2.0408163e-02   2.0408163e-02   4.0625000e-01   0.0000000e+00
   2.8378378e-01   4.0816327e-02   4.0816327e-02   6.4583333e-01   0.0000000e+00
   2.1621622e-01   2.0408163e-02   2.0408163e-02   7.0833333e-01   0.0000000e+00
   2.8378378e-01   4.0816327e-02   4.0816327e-02   7.0833333e-01   0.0000000e+00
   3.1081081e-01   6.1224490e-02   6.1224490e-02   8.8541667e-01   0.0000000e+00
   3.1081081e-01   4.0816327e-02   4.0816327e-02   9.0625000e-01   0.0000000e+00
   3.1081081e-01   2.0408163e-02   2.0408163e-02   8.8541667e-01   0.0000000e+00
   4.7297297e-01   4.0816327e-02   4.0816327e-02   6.4583333e-01   0.0000000e+00
   5.1351351e-01   0.0000000e+00   0.0000000e+00   3.7500000e-01   0.0000000e+00
   5.1351351e-01   0.0000000e+00   0.0000000e+00   3.7500000e-01   0.0000000e+00
   5.4054054e-01   0.0000000e+00   0.0000000e+00   3.9583333e-01   0.0000000e+00
   1.0000000e+00   0.0000000e+00   0.0000000e+00   7.5000000e-01   0.0000000e+00
   2.7027027e-02   8.5714286e-01   8.5714286e-01   8.7500000e-01   1.0000000e+00
   8.1081081e-02   4.2857143e-01   4.2857143e-01   2.7083333e-01   1.0000000e+00
   2.7027027e-02   6.7346939e-01   6.7346939e-01   7.8125000e-01   1.0000000e+00
   2.7027027e-02   8.7755102e-01   8.7755102e-01   1.0000000e+00   0.0000000e+00
   0.0000000e+00   5.1020408e-01   5.1020408e-01   7.7083333e-01   1.0000000e+00
   2.7027027e-02   8.1632653e-01   8.1632653e-01   1.0000000e+00   1.0000000e+00
   4.0540541e-02   4.0816327e-01   4.0816327e-01   4.1666667e-01   1.0000000e+00
   2.7027027e-02   2.0408163e-01   2.0408163e-01   2.1875000e-01   0.0000000e+00
   2.7027027e-02   4.0816327e-01   4.0816327e-01   5.2083333e-01   1.0000000e+00
   2.7027027e-02   2.4489796e-01   2.4489796e-01   3.1250000e-01   1.0000000e+00
   5.4054054e-02   6.1224490e-02   6.1224490e-02   2.0833333e-02   1.0000000e+00
   2.7027027e-02   2.0408163e-01   2.0408163e-01   2.5000000e-01   0.0000000e+00
   2.7027027e-02   2.0408163e-01   2.0408163e-01   2.7083333e-01   0.0000000e+00
   4.0540541e-02   2.6530612e-01   2.6530612e-01   3.4375000e-01   0.0000000e+00
   5.4054054e-02   3.0612245e-01   3.0612245e-01   3.7500000e-01   1.0000000e+00
   5.4054054e-02   1.0204082e-01   1.0204082e-01   1.2500000e-01   0.0000000e+00
   4.0540541e-02   8.1632653e-02   8.1632653e-02   1.0416667e-01   1.0000000e+00
   5.4054054e-02   6.5306122e-01   6.5306122e-01   1.0000000e+00   1.0000000e+00
   4.0540541e-02   1.8367347e-01   1.8367347e-01   3.2291667e-01   1.0000000e+00
   5.4054054e-02   1.8367347e-01   1.8367347e-01   2.7083333e-01   1.0000000e+00
   2.7027027e-02   2.0408163e-01   2.0408163e-01   3.9583333e-01   1.0000000e+00
   2.7027027e-02   2.0408163e-01   2.0408163e-01   4.0625000e-01   1.0000000e+00
   5.4054054e-02   2.4489796e-01   2.4489796e-01   3.8541667e-01   1.0000000e+00
   1.3513514e-02   1.8367347e-01   1.8367347e-01   4.2708333e-01   1.0000000e+00
   5.4054054e-02   1.6326531e-01   1.6326531e-01   2.7083333e-01   0.0000000e+00
   2.7027027e-02   6.1224490e-02   6.1224490e-02   9.3750000e-02   0.0000000e+00
   2.7027027e-02   8.1632653e-02   8.1632653e-02   1.4583333e-01   1.0000000e+00
   2.7027027e-02   2.8571429e-01   2.8571429e-01   6.4583333e-01   0.0000000e+00
   6.7567568e-02   4.6938776e-01   4.6938776e-01   8.0208333e-01   0.0000000e+00
   2.7027027e-02   1.0204082e-01   1.0204082e-01   2.0833333e-01   1.0000000e+00
   5.4054054e-02   8.1632653e-02   8.1632653e-02   1.4583333e-01   1.0000000e+00
   2.7027027e-02   6.1224490e-02   6.1224490e-02   1.2500000e-01   1.0000000e+00
   5.4054054e-02   1.4285714e-01   1.4285714e-01   2.7083333e-01   0.0000000e+00
   2.7027027e-02   6.1224490e-02   6.1224490e-02   1.2500000e-01   0.0000000e+00
   2.7027027e-02   1.0204082e-01   1.0204082e-01   2.5000000e-01   0.0000000e+00
   5.4054054e-02   8.1632653e-02   8.1632653e-02   1.4583333e-01   1.0000000e+00
   2.7027027e-02   1.2244898e-01   1.2244898e-01   3.1250000e-01   1.0000000e+00
   2.7027027e-02   1.0204082e-01   1.0204082e-01   2.5000000e-01   1.0000000e+00
   2.7027027e-02   1.4285714e-01   1.4285714e-01   3.7500000e-01   1.0000000e+00
   2.7027027e-02   2.0408163e-02   2.0408163e-02   2.0833333e-02   1.0000000e+00
   2.7027027e-02   1.0204082e-01   1.0204082e-01   2.7083333e-01   1.0000000e+00
   2.7027027e-02   1.8367347e-01   1.8367347e-01   5.2083333e-01   0.0000000e+00
   5.4054054e-02   3.0612245e-01   3.0612245e-01   7.0833333e-01   1.0000000e+00
   5.4054054e-02   2.0408163e-02   2.0408163e-02   2.0833333e-02   1.0000000e+00
   1.3513514e-02   2.6530612e-01   2.6530612e-01   9.6875000e-01   0.0000000e+00
   5.4054054e-02   2.0408163e-02   2.0408163e-02   2.0833333e-02   1.0000000e+00
   9.4594595e-02   2.6530612e-01   2.6530612e-01   4.7916667e-01   0.0000000e+00
   2.7027027e-02   4.0816327e-02   4.0816327e-02   9.3750000e-02   0.0000000e+00
   2.7027027e-02   2.2448980e-01   2.2448980e-01   7.0833333e-01   1.0000000e+00
   5.4054054e-02   1.2244898e-01   1.2244898e-01   3.1250000e-01   1.0000000e+00
   5.4054054e-02   6.1224490e-02   6.1224490e-02   1.4583333e-01   0.0000000e+00
   2.7027027e-02   1.0204082e-01   1.0204082e-01   3.4375000e-01   1.0000000e+00
   5.4054054e-02   1.0204082e-01   1.0204082e-01   2.7083333e-01   1.0000000e+00
   2.7027027e-02   4.0816327e-02   4.0816327e-02   1.2500000e-01   0.0000000e+00
   2.7027027e-02   6.1224490e-02   6.1224490e-02   2.1875000e-01   0.0000000e+00
   5.4054054e-02   6.1224490e-02   6.1224490e-02   1.6666667e-01   0.0000000e+00
   6.7567568e-02   1.0204082e-01   1.0204082e-01   2.7083333e-01   0.0000000e+00
   5.4054054e-02   1.0204082e-01   1.0204082e-01   2.9166667e-01   0.0000000e+00
   1.8918919e-01   8.1632653e-02   8.1632653e-02   1.2500000e-01   0.0000000e+00
   4.0540541e-02   1.4285714e-01   1.4285714e-01   5.0000000e-01   0.0000000e+00
   5.4054054e-02   2.0408163e-01   2.0408163e-01   6.4583333e-01   1.0000000e+00
   5.4054054e-02   1.6326531e-01   1.6326531e-01   5.2083333e-01   0.0000000e+00
   5.4054054e-02   3.0612245e-01   3.0612245e-01   1.0000000e+00   1.0000000e+00
   9.4594595e-02   1.8367347e-01   1.8367347e-01   4.6875000e-01   0.0000000e+00
   5.4054054e-02   2.6530612e-01   2.6530612e-01   8.7500000e-01   0.0000000e+00
   2.7027027e-02   1.6326531e-01   1.6326531e-01   7.6041667e-01   0.0000000e+00
   5.4054054e-02   1.0204082e-01   1.0204082e-01   3.4375000e-01   0.0000000e+00
   5.4054054e-02   1.6326531e-01   1.6326531e-01   5.5208333e-01   0.0000000e+00
   5.4054054e-02   1.0204082e-01   1.0204082e-01   3.4375000e-01   1.0000000e+00
   2.7027027e-02   1.0204082e-01   1.0204082e-01   4.4791667e-01   0.0000000e+00
   2.7027027e-02   1.0204082e-01   1.0204082e-01   4.6875000e-01   0.0000000e+00
   5.4054054e-02   2.0408163e-02   2.0408163e-02   7.2916667e-02   0.0000000e+00
   2.7027027e-02   2.0408163e-02   2.0408163e-02   9.3750000e-02   1.0000000e+00
   2.7027027e-02   2.0408163e-02   2.0408163e-02   9.3750000e-02   0.0000000e+00
   2.7027027e-02   2.0408163e-02   2.0408163e-02   9.3750000e-02   1.0000000e+00
   5.4054054e-02   1.0204082e-01   1.0204082e-01   3.7500000e-01   1.0000000e+00
   4.0540541e-02   6.1224490e-02   6.1224490e-02   2.8125000e-01   1.0000000e+00
   1.2162162e-01   1.6326531e-01   1.6326531e-01   3.7500000e-01   0.0000000e+00
   1.4864865e-01   8.1632653e-02   8.1632653e-02   1.6666667e-01   0.0000000e+00
   2.7027027e-02   4.0816327e-02   4.0816327e-02   1.9791667e-01   0.0000000e+00
   2.7027027e-02   0.0000000e+00   0.0000000e+00   0.0000000e+00   0.0000000e+00
   2.7027027e-02   0.0000000e+00   0.0000000e+00   0.0000000e+00   1.0000000e+00
   2.7027027e-02   0.0000000e+00   0.0000000e+00   0.0000000e+00   0.0000000e+00
   2.7027027e-02   0.0000000e+00   0.0000000e+00   0.0000000e+00   0.0000000e+00
   2.7027027e-02   0.0000000e+00   0.0000000e+00   0.0000000e+00   0.0000000e+00
   2.7027027e-02   0.0000000e+00   0.0000000e+00   0.0000000e+00   0.0000000e+00
   2.7027027e-02   0.0000000e+00   0.0000000e+00   0.0000000e+00   1.0000000e+00
   2.7027027e-02   0.0000000e+00   0.0000000e+00   0.0000000e+00   0.0000000e+00
   2.7027027e-02   0.0000000e+00   0.0000000e+00   0.0000000e+00   0.0000000e+00
   2.7027027e-02   0.0000000e+00   0.0000000e+00   0.0000000e+00   0.0000000e+00
   2.7027027e-02   0.0000000e+00   0.0000000e+00   0.0000000e+00   0.0000000e+00
   1.4864865e-01   2.0408163e-01   2.0408163e-01   3.7500000e-01   0.0000000e+00
   2.7027027e-02   4.0816327e-02   4.0816327e-02   2.0833333e-01   0.0000000e+00
   1.2162162e-01   2.0408163e-01   2.0408163e-01   4.8958333e-01   1.0000000e+00
   6.7567568e-02   2.0408163e-01   2.0408163e-01   7.6041667e-01   0.0000000e+00
   4.0540541e-02   8.1632653e-02   8.1632653e-02   3.7500000e-01   0.0000000e+00
   4.0540541e-02   0.0000000e+00   0.0000000e+00   1.0416667e-02   1.0000000e+00
   5.4054054e-02   1.0204082e-01   1.0204082e-01   4.2708333e-01   0.0000000e+00
   2.7027027e-02   4.0816327e-02   4.0816327e-02   2.2916667e-01   0.0000000e+00
   1.6216216e-01   2.0408163e-01   2.0408163e-01   3.8541667e-01   0.0000000e+00
   2.7027027e-02   2.0408163e-02   2.0408163e-02   1.2500000e-01   0.0000000e+00
   5.4054054e-02   1.0204082e-01   1.0204082e-01   4.5833333e-01   0.0000000e+00
   1.2162162e-01   4.0816327e-02   4.0816327e-02   1.2500000e-01   0.0000000e+00
   1.8918919e-01   1.4285714e-01   1.4285714e-01   2.5000000e-01   0.0000000e+00
   5.4054054e-02   2.0408163e-02   2.0408163e-02   1.1458333e-01   0.0000000e+00
   5.4054054e-02   2.0408163e-01   2.0408163e-01   9.6875000e-01   0.0000000e+00
   2.7027027e-02   1.2244898e-01   1.2244898e-01   7.8125000e-01   0.0000000e+00
   2.7027027e-02   1.2244898e-01   1.2244898e-01   7.8125000e-01   0.0000000e+00
   5.4054054e-02   0.0000000e+00   0.0000000e+00   2.0833333e-02   0.0000000e+00
   5.4054054e-02   0.0000000e+00   0.0000000e+00   2.0833333e-02   0.0000000e+00
   5.4054054e-02   0.0000000e+00   0.0000000e+00   2.0833333e-02   0.0000000e+00
   5.4054054e-02   0.0000000e+00   0.0000000e+00   2.0833333e-02   0.0000000e+00
   5.4054054e-02   0.0000000e+00   0.0000000e+00   2.0833333e-02   1.0000000e+00
   5.4054054e-02   0.0000000e+00   0.0000000e+00   2.0833333e-02   0.0000000e+00
   5.4054054e-02   0.0000000e+00   0.0000000e+00   2.0833333e-02   0.0000000e+00
   5.4054054e-02   0.0000000e+00   0.0000000e+00   2.0833333e-02   0.0000000e+00
   5.4054054e-02   0.0000000e+00   0.0000000e+00   2.0833333e-02   0.0000000e+00
   5.4054054e-02   0.0000000e+00   0.0000000e+00   2.0833333e-02   0.0000000e+00
   5.4054054e-02   0.0000000e+00   0.0000000e+00   2.0833333e-02   1.0000000e+00
   5.4054054e-02   0.0000000e+00   0.0000000e+00   2.0833333e-02   0.0000000e+00
   5.4054054e-02   1.2244898e-01   1.2244898e-01   6.2500000e-01   0.0000000e+00
   5.4054054e-02   0.0000000e+00   0.0000000e+00   2.0833333e-02   0.0000000e+00
   5.4054054e-02   6.1224490e-02   6.1224490e-02   3.3333333e-01   1.0000000e+00
   1.4864865e-01   1.0204082e-01   1.0204082e-01   2.7083333e-01   0.0000000e+00
   1.7567568e-01   4.0816327e-02   4.0816327e-02   1.2500000e-01   1.0000000e+00
   9.4594595e-02   8.1632653e-02   8.1632653e-02   3.4375000e-01   0.0000000e+00
   1.2162162e-01   1.6326531e-01   1.6326531e-01   5.4166667e-01   0.0000000e+00
   1.4864865e-01   2.0408163e-02   2.0408163e-02   9.3750000e-02   0.0000000e+00
   2.7027027e-02   8.1632653e-02   8.1632653e-02   6.3541667e-01   0.0000000e+00
   9.4594595e-02   2.0408163e-01   2.0408163e-01   9.0625000e-01   0.0000000e+00
   1.0810811e-01   1.6326531e-01   1.6326531e-01   6.4583333e-01   0.0000000e+00
   2.7027027e-02   2.0408163e-02   2.0408163e-02   2.0833333e-01   0.0000000e+00
   8.1081081e-02   4.0816327e-02   4.0816327e-02   2.5000000e-01   0.0000000e+00
   1.6216216e-01   2.8571429e-01   2.8571429e-01   7.1875000e-01   0.0000000e+00
   1.7567568e-01   4.0816327e-02   4.0816327e-02   1.4583333e-01   0.0000000e+00
   1.4864865e-01   3.0612245e-01   3.0612245e-01   9.0625000e-01   0.0000000e+00
   5.4054054e-02   8.1632653e-02   8.1632653e-02   5.8333333e-01   0.0000000e+00
   1.8918919e-01   1.2244898e-01   1.2244898e-01   3.4375000e-01   0.0000000e+00
   1.4864865e-01   6.1224490e-02   6.1224490e-02   2.6041667e-01   0.0000000e+00
   9.4594595e-02   1.6326531e-01   1.6326531e-01   9.0625000e-01   1.0000000e+00
   1.4864865e-01   1.4285714e-01   1.4285714e-01   5.2083333e-01   1.0000000e+00
   9.4594595e-02   8.1632653e-02   8.1632653e-02   5.2083333e-01   0.0000000e+00
   1.4864865e-01   1.0204082e-01   1.0204082e-01   4.0625000e-01   0.0000000e+00
   1.3513514e-01   8.1632653e-02   8.1632653e-02   3.7500000e-01   0.0000000e+00
   1.8918919e-01   2.0408163e-02   2.0408163e-02   1.2500000e-01   1.0000000e+00
   1.8918919e-01   2.0408163e-02   2.0408163e-02   1.2500000e-01   0.0000000e+00
   1.8918919e-01   2.0408163e-02   2.0408163e-02   1.2500000e-01   0.0000000e+00
   2.7027027e-02   2.0408163e-02   2.0408163e-02   3.2291667e-01   0.0000000e+00
   1.4864865e-01   4.0816327e-02   4.0816327e-02   2.1875000e-01   0.0000000e+00
   1.8918919e-01   1.4285714e-01   1.4285714e-01   4.5833333e-01   0.0000000e+00
   1.2162162e-01   0.0000000e+00   0.0000000e+00   7.2916667e-02   0.0000000e+00
   2.1621622e-01   8.1632653e-02   8.1632653e-02   2.6041667e-01   0.0000000e+00
   1.8918919e-01   6.1224490e-02   6.1224490e-02   2.5000000e-01   0.0000000e+00
   5.4054054e-02   2.0408163e-02   2.0408163e-02   2.9166667e-01   0.0000000e+00
   1.8918919e-01   4.0816327e-02   4.0816327e-02   1.9791667e-01   0.0000000e+00
   2.1621622e-01   3.0612245e-01   3.0612245e-01   7.8125000e-01   0.0000000e+00
   5.4054054e-02   2.0408163e-02   2.0408163e-02   3.0208333e-01   0.0000000e+00
   1.8918919e-01   1.4285714e-01   1.4285714e-01   5.0000000e-01   0.0000000e+00
   1.4864865e-01   4.0816327e-02   4.0816327e-02   2.5000000e-01   0.0000000e+00
   1.8918919e-01   1.2244898e-01   1.2244898e-01   4.4791667e-01   0.0000000e+00
   2.0270270e-01   8.1632653e-02   8.1632653e-02   3.2291667e-01   0.0000000e+00
   2.1621622e-01   2.0408163e-02   2.0408163e-02   1.4583333e-01   0.0000000e+00
   2.1621622e-01   4.0816327e-02   4.0816327e-02   1.9791667e-01   0.0000000e+00
   1.4864865e-01   1.4285714e-01   1.4285714e-01   7.2916667e-01   0.0000000e+00
   1.4864865e-01   0.0000000e+00   0.0000000e+00   9.3750000e-02   0.0000000e+00
   1.4864865e-01   0.0000000e+00   0.0000000e+00   9.3750000e-02   0.0000000e+00
   1.4864865e-01   0.0000000e+00   0.0000000e+00   9.3750000e-02   0.0000000e+00
   1.4864865e-01   0.0000000e+00   0.0000000e+00   9.3750000e-02   1.0000000e+00
   1.4864865e-01   0.0000000e+00   0.0000000e+00   9.3750000e-02   0.0000000e+00
   2.7027027e-02   4.0816327e-02   4.0816327e-02   7.6041667e-01   1.0000000e+00
   2.7027027e-02   4.0816327e-02   4.0816327e-02   7.8125000e-01   0.0000000e+00
   2.1621622e-01   6.1224490e-02   6.1224490e-02   2.7083333e-01   0.0000000e+00
   2.1621622e-01   2.8571429e-01   2.8571429e-01   8.8541667e-01   0.0000000e+00
   2.1621622e-01   2.6530612e-01   2.6530612e-01   8.4375000e-01   0.0000000e+00
   2.1621622e-01   1.8367347e-01   1.8367347e-01   6.2500000e-01   0.0000000e+00
   2.1621622e-01   4.0816327e-02   4.0816327e-02   2.1875000e-01   0.0000000e+00
   1.8918919e-01   4.0816327e-02   4.0816327e-02   2.5000000e-01   0.0000000e+00
   3.1081081e-01   3.6734694e-01   3.6734694e-01   6.2500000e-01   0.0000000e+00
   1.4864865e-01   1.2244898e-01   1.2244898e-01   7.6041667e-01   0.0000000e+00
   1.8918919e-01   4.0816327e-02   4.0816327e-02   2.7083333e-01   0.0000000e+00
   2.7027027e-01   2.6530612e-01   2.6530612e-01   6.9791667e-01   1.0000000e+00
   5.4054054e-02   2.0408163e-02   2.0408163e-02   4.5833333e-01   0.0000000e+00
   1.4864865e-01   2.0408163e-02   2.0408163e-02   2.3958333e-01   0.0000000e+00
   1.4864865e-01   4.0816327e-02   4.0816327e-02   3.6458333e-01   0.0000000e+00
   2.1621622e-01   6.1224490e-02   6.1224490e-02   3.2291667e-01   0.0000000e+00
   2.8378378e-01   1.2244898e-01   1.2244898e-01   3.7500000e-01   0.0000000e+00
   1.7567568e-01   1.2244898e-01   1.2244898e-01   7.7083333e-01   0.0000000e+00
   2.1621622e-01   1.0204082e-01   1.0204082e-01   5.0000000e-01   0.0000000e+00
   1.8918919e-01   4.0816327e-02   4.0816327e-02   3.2291667e-01   0.0000000e+00
   1.8918919e-01   0.0000000e+00   0.0000000e+00   1.2500000e-01   0.0000000e+00
   1.8918919e-01   0.0000000e+00   0.0000000e+00   1.2500000e-01   0.0000000e+00
   1.8918919e-01   0.0000000e+00   0.0000000e+00   1.2500000e-01   0.0000000e+00
   1.8918919e-01   0.0000000e+00   0.0000000e+00   1.2500000e-01   0.0000000e+00
   1.8918919e-01   0.0000000e+00   0.0000000e+00   1.2500000e-01   0.0000000e+00
   1.8918919e-01   0.0000000e+00   0.0000000e+00   1.2500000e-01   0.0000000e+00
   2.2972973e-01   1.2244898e-01   1.2244898e-01   5.8333333e-01   1.0000000e+00
   1.8918919e-01   4.0816327e-02   4.0816327e-02   3.4375000e-01   0.0000000e+00
   1.8918919e-01   4.0816327e-02   4.0816327e-02   3.4375000e-01   0.0000000e+00
   2.1621622e-01   1.2244898e-01   1.2244898e-01   6.4583333e-01   0.0000000e+00
   2.8378378e-01   2.0408163e-02   2.0408163e-02   1.9791667e-01   0.0000000e+00
   2.1621622e-01   4.0816327e-02   4.0816327e-02   3.4375000e-01   0.0000000e+00
   2.1621622e-01   0.0000000e+00   0.0000000e+00   1.4583333e-01   0.0000000e+00
   2.1621622e-01   0.0000000e+00   0.0000000e+00   1.4583333e-01   0.0000000e+00
   2.1621622e-01   0.0000000e+00   0.0000000e+00   1.4583333e-01   0.0000000e+00
   2.1621622e-01   0.0000000e+00   0.0000000e+00   1.4583333e-01   0.0000000e+00
   2.1621622e-01   0.0000000e+00   0.0000000e+00   1.4583333e-01   0.0000000e+00
   1.8918919e-01   2.0408163e-02   2.0408163e-02   2.8125000e-01   0.0000000e+00
   1.4864865e-01   6.1224490e-02   6.1224490e-02   7.5000000e-01   0.0000000e+00
   1.4864865e-01   2.0408163e-02   2.0408163e-02   3.7500000e-01   1.0000000e+00
   2.8378378e-01   1.0204082e-01   1.0204082e-01   4.7916667e-01   0.0000000e+00
   3.1081081e-01   2.0408163e-02   2.0408163e-02   2.1875000e-01   0.0000000e+00
   3.1081081e-01   1.0204082e-01   1.0204082e-01   4.4791667e-01   0.0000000e+00
   1.8918919e-01   2.0408163e-02   2.0408163e-02   3.4375000e-01   1.0000000e+00
   2.1621622e-01   1.0204082e-01   1.0204082e-01   8.2291667e-01   0.0000000e+00
   2.1621622e-01   6.1224490e-02   6.1224490e-02   5.8333333e-01   0.0000000e+00
   2.1621622e-01   8.1632653e-02   8.1632653e-02   7.1875000e-01   0.0000000e+00
   2.8378378e-01   2.0408163e-02   2.0408163e-02   2.5000000e-01   0.0000000e+00
   2.8378378e-01   4.0816327e-02   4.0816327e-02   3.4375000e-01   0.0000000e+00
   2.8378378e-01   4.0816327e-02   4.0816327e-02   3.4375000e-01   0.0000000e+00
   3.1081081e-01   1.4285714e-01   1.4285714e-01   6.9791667e-01   0.0000000e+00
   2.8378378e-01   4.0816327e-02   4.0816327e-02   3.7500000e-01   0.0000000e+00
   3.1081081e-01   4.0816327e-02   4.0816327e-02   3.4375000e-01   0.0000000e+00
   2.8378378e-01   4.0816327e-02   4.0816327e-02   3.9583333e-01   0.0000000e+00
   3.1081081e-01   2.0408163e-02   2.0408163e-02   2.7083333e-01   0.0000000e+00
   2.8378378e-01   0.0000000e+00   0.0000000e+00   1.9791667e-01   0.0000000e+00
   2.8378378e-01   0.0000000e+00   0.0000000e+00   1.9791667e-01   0.0000000e+00
   3.3783784e-01   1.0204082e-01   1.0204082e-01   5.0000000e-01   0.0000000e+00
   2.8378378e-01   0.0000000e+00   0.0000000e+00   1.9791667e-01   0.0000000e+00
   2.8378378e-01   0.0000000e+00   0.0000000e+00   1.9791667e-01   0.0000000e+00
   3.1081081e-01   4.0816327e-02   4.0816327e-02   3.8541667e-01   0.0000000e+00
   2.8378378e-01   2.0408163e-02   2.0408163e-02   3.2291667e-01   0.0000000e+00
   1.8918919e-01   4.0816327e-02   4.0816327e-02   8.0208333e-01   0.0000000e+00
   3.1081081e-01   0.0000000e+00   0.0000000e+00   2.1875000e-01   1.0000000e+00
   3.1081081e-01   0.0000000e+00   0.0000000e+00   2.1875000e-01   0.0000000e+00
   3.1081081e-01   0.0000000e+00   0.0000000e+00   2.1875000e-01   0.0000000e+00
   3.1081081e-01   0.0000000e+00   0.0000000e+00   2.1875000e-01   0.0000000e+00
   3.1081081e-01   0.0000000e+00   0.0000000e+00   2.1875000e-01   0.0000000e+00
   3.1081081e-01   0.0000000e+00   0.0000000e+00   2.1875000e-01   0.0000000e+00
   3.1081081e-01   0.0000000e+00   0.0000000e+00   2.1875000e-01   0.0000000e+00
   3.1081081e-01   6.1224490e-02   6.1224490e-02   5.2083333e-01   0.0000000e+00
   3.1081081e-01   0.0000000e+00   0.0000000e+00   2.1875000e-01   0.0000000e+00
   3.1081081e-01   1.2244898e-01   1.2244898e-01   8.9583333e-01   0.0000000e+00
   2.1621622e-01   4.0816327e-02   4.0816327e-02   8.7500000e-01   0.0000000e+00
   3.1081081e-01   2.0408163e-02   2.0408163e-02   3.7500000e-01   0.0000000e+00
   2.8378378e-01   2.0408163e-02   2.0408163e-02   5.2083333e-01   0.0000000e+00
   3.1081081e-01   4.0816327e-02   4.0816327e-02   6.2500000e-01   0.0000000e+00
   5.2702703e-01   0.0000000e+00   0.0000000e+00   3.8541667e-01   0.0000000e+00
   9.7297297e-01   0.0000000e+00   0.0000000e+00   7.2916667e-01   0.0000000e+00
